Frequency(Hz) Real_refrac Imag_refrac Real_diel Imag_diel Real_cond AmplitudeSample AmplitudeRef PhaseSample PhaseRef
302734375000.00   3.70129870   2.32500000    8.29398708   17.21103896 289.86609721   0.00000014   0.00002241  47.23565963   42.26204036
307617187500.00   3.72727273   2.29000000    8.64846198   17.07090909 292.14324234   0.00000014   0.00002281  48.04597304   42.92340660
312500000000.00   3.75324675   2.26000000    8.97926119   16.96467532 294.93354595   0.00000014   0.00002322  48.85897439   43.58480632
317382812500.00   3.77922078   2.22500000    9.33188470   16.81753247 296.94381057   0.00000014   0.00002362  49.67404641   44.24624279
322265625000.00   3.80519481   2.19000000    9.68340751   16.66675325 298.80894018   0.00000015   0.00002403  50.49047120   44.90771913
327148437500.00   3.83549784   2.16000000   10.04544365   16.56935065 301.56361268   0.00000015   0.00002444  51.30746975   45.56923827
332031250000.00   3.86147186   2.12000000   10.41656494   16.37264069 302.43098903   0.00000016   0.00002485  52.12425041   46.23080302
336914062500.00   3.88744589   2.08000000   10.78583553   16.17177489 303.11360104   0.00000016   0.00002526  52.94005906   46.89241603
341796875000.00   3.90909091   2.04000000   11.11939174   15.94909091 303.27221238   0.00000017   0.00002568  53.75422327   47.55407979
346679687500.00   3.93073593   2.00000000   11.45068496   15.72294372 303.24304897   0.00000018   0.00002609  54.56618442   48.21579669
351562500000.00   3.95670996   1.95000000   11.85305368   15.43116883 301.80745645   0.00000019   0.00002651  55.37551488   48.87756895
356445312500.00   3.98268398   1.89000000   12.28967171   15.05454545 298.53080589   0.00000020   0.00002692  56.18192061   49.53939869
361328125000.00   3.99567100   1.85000000   12.54288671   14.78398268 297.18152767   0.00000021   0.00002734  56.98523182   50.20128787
366210937500.00   4.00865801   1.81000000   12.79323903   14.51134199 295.64292245   0.00000023   0.00002776  57.78538605   50.86323837
371093750000.00   4.02164502   1.76500000   13.05840368   14.19640693 293.08303332   0.00000024   0.00002818  58.58240748   51.52525192
375976562500.00   4.03463203   1.72000000   13.31985565   13.87913420 290.30314858   0.00000026   0.00002861  59.37638577   52.18733014
380859375000.00   4.04329004   1.68000000   13.52579437   13.58545455 287.85078778   0.00000027   0.00002903  60.16745665   52.84947454
385742187500.00   4.05194805   1.64500000   13.71225802   13.33090909 286.07868711   0.00000029   0.00002945  60.95578547   53.51168651
390625000000.00   4.05627706   1.60500000   13.87735856   13.02064935 282.95754340   0.00000031   0.00002988  61.74155396   54.17396735
395507812500.00   4.06493506   1.57000000   14.05879708   12.76389610 280.84514803   0.00000033   0.00003030  62.52495016   54.83631823
400390625000.00   4.06926407   1.53500000   14.20268507   12.49264069 278.27023034   0.00000035   0.00003073  63.30616120   55.49874023
405273437500.00   4.07359307   1.50000000   14.34416053   12.22077922 275.53427887   0.00000037   0.00003116  64.08536826   56.16123432
410156250000.00   4.07792208   1.46500000   14.48322347   11.94831169 272.63679972   0.00000040   0.00003159  64.86274341   56.82380137
415039062500.00   4.08225108   1.43000000   14.61987390   11.67523810 269.57729900   0.00000042   0.00003201  65.63844769   57.48644217
419921875000.00   4.08658009   1.39500000   14.75411180   11.40155844 266.35528280   0.00000045   0.00003244  66.41263026   58.14915739
424804687500.00   4.09523810   1.34500000   14.96195006   11.01619048 260.34505619   0.00000048   0.00003287  67.18542814   58.81194761
429687500000.00   4.09523810   1.31500000   15.04175006   10.77047619 257.46382859   0.00000051   0.00003330  67.95696648   59.47481335
434570312500.00   4.09523810   1.28500000   15.11975006   10.52476190 254.44910781   0.00000054   0.00003373  68.72735905   60.13775500
439453125000.00   4.09523810   1.25500000   15.19595006   10.27904762 251.30089387   0.00000057   0.00003416  69.49670896   60.80077288
444335937500.00   4.09523810   1.23000000   15.25807506   10.07428571 249.03150997   0.00000060   0.00003459  70.26510943   61.46386725
449218750000.00   4.09523810   1.20500000   15.31895006    9.86952381 246.65088176   0.00000063   0.00003502  71.03264463   62.12703826
454101562500.00   4.09523810   1.17500000   15.39035006    9.62380952 243.12443716   0.00000067   0.00003545  71.79939045   62.79028599
458984375000.00   4.09523810   1.15500000   15.43695006    9.46000000 241.55589241   0.00000070   0.00003588  72.56541529   63.45361046
463867187500.00   4.09523810   1.13000000   15.49407506    9.25523810 238.84153127   0.00000074   0.00003631  73.33078080   64.11701161
468750000000.00   4.09523810   1.10500000   15.54995006    9.05047619 236.01592582   0.00000078   0.00003674  74.09554253   64.78048929
473632812500.00   4.09090909   1.08500000   15.55831219    8.87727273 233.91062140   0.00000082   0.00003717  74.85975059   65.44404332
478515625000.00   4.09090909   1.06500000   15.60131219    8.71363636 231.96590389   0.00000086   0.00003759  75.62345016   66.10767344
483398437500.00   4.09090909   1.04000000   15.65393719    8.50909091 228.83213054   0.00000091   0.00003802  76.38668205   66.77137933
488281250000.00   4.09090909   1.02000000   15.69513719    8.34545455 226.69849763   0.00000095   0.00003845  77.14948312   67.43516061
493164062500.00   4.09090909   1.00000000   15.73553719    8.18181818 224.47596333   0.00000100   0.00003887  77.91188672   68.09901687
498046875000.00   4.09090909   0.98000000   15.77513719    8.01818182 222.16452767   0.00000104   0.00003930  78.67392304   68.76294762
502929687500.00   4.09090909   0.95500000   15.82351219    7.81363636 218.61958548   0.00000109   0.00003972  79.43561946   69.42695235
507812500000.00   4.09523810   0.92500000   15.91535006    7.57619048 214.03405038   0.00000114   0.00004014  80.19700082   70.09103050
512695312500.00   4.09523810   0.90500000   15.95195006    7.41238095 211.41980912   0.00000119   0.00004056  80.95808969   70.75518145
517578125000.00   4.09090909   0.89000000   15.94343719    7.28181818 209.67388496   0.00000125   0.00004098  81.71890662   71.41940457
522460937500.00   4.09090909   0.87500000   15.96991219    7.15909091 208.08477294   0.00000130   0.00004140  82.47947033   72.08369919
527343750000.00   4.08658009   0.85500000   15.96911180    6.98805195 205.01164303   0.00000136   0.00004181  83.23979788   72.74806461
532226562500.00   4.08225108   0.84000000   15.95917390    6.85818182 203.06456188   0.00000141   0.00004223  83.99990491   73.41250011
537109375000.00   4.08225108   0.82500000   15.98414890    6.73571429 201.26811916   0.00000147   0.00004264  84.75980568   74.07700493
541992187500.00   4.08225108   0.81000000   16.00867390    6.61324675 199.40514153   0.00000153   0.00004305  85.51951329   74.74157831
546875000000.00   4.07792208   0.79500000   15.99742347    6.48389610 197.26621686   0.00000159   0.00004346  86.27903976   75.40621947
551757812500.00   4.07792208   0.78000000   16.02104847    6.36155844 195.27228610   0.00000166   0.00004386  87.03839612   76.07092762
556640625000.00   4.07359307   0.77000000   16.00126053    6.27333333 194.26826505   0.00000172   0.00004427  87.79759256   76.73570194
561523437500.00   4.07359307   0.75500000   16.02413553    6.15112554 192.15472902   0.00000179   0.00004467  88.55663845   77.40054164
566406250000.00   4.07359307   0.74000000   16.04656053    6.02891775 189.97479918   0.00000186   0.00004507  89.31554246   78.06544590
571289062500.00   4.07359307   0.72500000   16.06853553    5.90670996 187.72847554   0.00000192   0.00004547  90.07431261   78.73041390
576171875000.00   4.06926407   0.72000000   16.04051007    5.85974026 187.82743124   0.00000199   0.00004586  90.83295631   79.39544484
581054687500.00   4.06926407   0.70000000   16.06891007    5.69696970 184.15754498   0.00000207   0.00004626  91.59148048   80.06053792
585937500000.00   4.06926407   0.67500000   16.10328507    5.49350649 179.07276283   0.00000214   0.00004665  92.34989152   80.72569233
590820312500.00   4.06493506   0.68500000   16.05447208    5.56896104 183.04513717   0.00000221   0.00004703  93.10819541   81.39090731
595703125000.00   4.06493506   0.65500000   16.09467208    5.32506494 176.47507886   0.00000229   0.00004742  93.86639771   82.05618207
600585937500.00   4.06493506   0.64500000   16.10767208    5.24376623 175.20523566   0.00000237   0.00004780  94.62450363   82.72151586
605468750000.00   4.06060606   0.63500000   16.08529658    5.15696970 173.70603633   0.00000244   0.00004818  95.38251804   83.38690796
610351562500.00   4.06060606   0.62000000   16.10412158    5.03515152 170.97050819   0.00000252   0.00004856  96.14044552   84.05235765
615234375000.00   4.05627706   0.61500000   16.07515856    4.98922078 170.76619967   0.00000261   0.00004893  96.89829035   84.71786423
620117187500.00   4.05627706   0.60000000   16.09338356    4.86753247 167.92340192   0.00000269   0.00004930  97.65605656   85.38342705
625000000000.00   4.05194805   0.59500000   16.06425802    4.82181818 167.65613335   0.00000277   0.00004967  98.41374796   86.04904545
629882812500.00   4.05194805   0.58500000   16.07605802    4.74077922 166.12618308   0.00000286   0.00005003  99.17136813   86.71471884
634765625000.00   4.05194805   0.57500000   16.08765802    4.65974026 164.55220547   0.00000294   0.00005039  99.92892046   87.38044663
639648437500.00   4.04761905   0.57000000   16.05831995    4.61428571 164.20048059   0.00000303   0.00005075 100.68640816   88.04622827
644531250000.00   4.04761905   0.56000000   16.06961995    4.53333333 162.55121904   0.00000312   0.00005111 101.44383426   88.71206324
649414062500.00   4.04761905   0.55000000   16.08071995    4.45238095 160.85797717   0.00000321   0.00005146 102.20120164   89.37795106
654296875000.00   4.04329004   0.54500000   16.05116937    4.40718615 160.42233693   0.00000330   0.00005181 102.95851305   90.04389128
659179687500.00   4.04329004   0.53500000   16.06196937    4.32632035 158.65402280   0.00000340   0.00005215 103.71577108   90.70988349
664062500000.00   4.04329004   0.52000000   16.07779437    4.20502165 155.34804420   0.00000349   0.00005249 104.47297822   91.37592730
668945312500.00   4.04329004   0.50500000   16.09316937    4.08372294 151.97616570   0.00000359   0.00005283 105.23013683   92.04202237
673828125000.00   4.03896104   0.51500000   16.04798127    4.16012987 155.94972774   0.00000368   0.00005317 105.98724917   92.70816839
678710937500.00   4.03896104   0.49000000   16.07310627    3.95818182 149.45456531   0.00000378   0.00005350 106.74431739   93.37436510
683593750000.00   4.03896104   0.48000000   16.08280627    3.87740260 147.45774172   0.00000388   0.00005383 107.50134355   94.04061226
688476562500.00   4.03463203   0.47500000   16.05263065    3.83290043 146.80650390   0.00000398   0.00005415 108.25832963   94.70690967
693359375000.00   4.03463203   0.47000000   16.05735565    3.79255411 146.29139336   0.00000408   0.00005447 109.01527750   95.37325717
698242187500.00   4.03030303   0.46000000   16.03174252    3.70787879 144.03240480   0.00000418   0.00005479 109.77218898   96.03965464
703125000000.00   4.03030303   0.45500000   16.03631752    3.66757576 143.46310676   0.00000428   0.00005511 110.52906579   96.70610198
708007812500.00   4.02597403   0.45000000   16.00596686    3.62337662 142.71845194   0.00000439   0.00005542 111.28590961   97.37259913
712890625000.00   4.02597403   0.44500000   16.01044186    3.58311688 142.10602027   0.00000449   0.00005572 112.04272200   98.03914608
717773437500.00   4.02597403   0.43500000   16.01924186    3.50259740 139.86408290   0.00000460   0.00005603 112.79950451   98.70574283
722656250000.00   4.02164502   0.43500000   15.98440368    3.49883117 140.66412469   0.00000471   0.00005633 113.55625860   99.37238941
727539062500.00   4.02164502   0.42500000   15.99300368    3.41839827 138.35905088   0.00000481   0.00005662 114.31298567  100.03908591
732421875000.00   4.02164502   0.41500000   16.00140368    3.33796537 136.01027899   0.00000492   0.00005691 115.06968706  100.70583240
737304687500.00   4.01731602   0.41500000   15.96660298    3.33437229 136.76963312   0.00000503   0.00005720 115.82636407  101.37262903
742187500000.00   4.01731602   0.41000000   15.97072798    3.29419913 136.01665261   0.00000514   0.00005749 116.58301793  102.03947593
747070312500.00   4.01731602   0.40000000   15.97882798    3.21385281 133.57219416   0.00000525   0.00005777 117.33964982  102.70637329
751953125000.00   4.01731602   0.38500000   15.99060298    3.09333333 129.40351947   0.00000537   0.00005804 118.09626088  103.37332129
756835937500.00   4.01298701   0.39000000   15.95196477    3.13012987 131.79310837   0.00000548   0.00005832 118.85285219  104.04032015
761718750000.00   4.01298701   0.37500000   15.96343977    3.00974026 127.54171778   0.00000559   0.00005859 119.60942479  104.70737010
766601562500.00   4.01298701   0.37000000   15.96716477    2.96961039 126.64783566   0.00000571   0.00005885 120.36597966  105.37447139
771484375000.00   4.00865801   0.36500000   15.93611403    2.92632035 125.59651814   0.00000582   0.00005911 121.12251775  106.04162428
776367187500.00   4.00865801   0.36000000   15.93973903    2.88623377 124.66004332   0.00000594   0.00005937 121.87903995  106.70882905
781250000000.00   4.00432900   0.35500000   15.90862577    2.84307359 123.56820277   0.00000605   0.00005963 122.63554711  107.37608598
786132812500.00   4.00432900   0.35000000   15.91215077    2.80303030 122.58922934   0.00000617   0.00005988 123.39204006  108.04339537
791015625000.00   4.00432900   0.34500000   15.91562577    2.76298701 121.58850093   0.00000628   0.00006012 124.14851954  108.71075751
795898437500.00   4.00000000   0.34500000   15.88097500    2.76000000 122.20678880   0.00000640   0.00006036 124.90498629  109.37817270
800781250000.00   4.00000000   0.34000000   15.88440000    2.72000000 121.17454510   0.00000652   0.00006060 125.66144099  110.04564125
805664062500.00   4.00000000   0.33500000   15.88777500    2.68000000 120.12056995   0.00000664   0.00006083 126.41788428  110.71316347
810546875000.00   3.99567100   0.33500000   15.85316171    2.67709957 120.71778491   0.00000675   0.00006106 127.17431677  111.38073964
815429687500.00   3.99567100   0.33000000   15.85648671    2.63714286 119.63238853   0.00000687   0.00006128 127.93073901  112.04837007
820312500000.00   3.99567100   0.32000000   15.86298671    2.55722944 116.70181832   0.00000699   0.00006151 128.68715152  112.71605504
825195312500.00   3.99134199   0.32500000   15.82518589    2.59437229 119.10161442   0.00000711   0.00006172 129.44355480  113.38379484
830078125000.00   3.99134199   0.31500000   15.83158589    2.51454545 116.12000823   0.00000723   0.00006193 130.19994929  114.05158972
834960937500.00   3.99134199   0.31000000   15.83471089    2.47463203 114.94905016   0.00000735   0.00006214 130.95633539  114.71943996
839843750000.00   3.99134199   0.30000000   15.84081089    2.39480519 111.89154854   0.00000747   0.00006234 131.71271347  115.38734578
844726562500.00   3.98701299   0.31000000   15.80017256    2.47194805 116.16735174   0.00000758   0.00006254 132.46908388  116.05530743
849609375000.00   3.98701299   0.29000000   15.81217256    2.31246753 109.30084969   0.00000770   0.00006273 133.22544690  116.72332510
854492187500.00   3.98701299   0.28500000   15.81504756    2.27259740 108.03368763   0.00000782   0.00006292 133.98180281  117.39139898
859375000000.00   3.98701299   0.28500000   15.81504756    2.27259740 108.65102299   0.00000794   0.00006310 134.73815182  118.05952924
864257812500.00   3.98268398   0.28000000   15.78337171    2.23030303 107.23481003   0.00000806   0.00006328 135.49449413  118.72771604
869140625000.00   3.98268398   0.28000000   15.78337171    2.23030303 107.84065642   0.00000818   0.00006346 136.25082990  119.39595949
874023437500.00   3.97835498   0.27500000   15.75168333    2.18809524 106.39418641   0.00000830   0.00006363 137.00715925  120.06425969
878906250000.00   3.97835498   0.27500000   15.75168333    2.18809524 106.98856734   0.00000841   0.00006379 137.76348227  120.73261672
883789062500.00   3.97835498   0.27000000   15.75440833    2.14831169 105.62689467   0.00000853   0.00006395 138.51979902  121.40103062
888671875000.00   3.97835498   0.26500000   15.75708333    2.10852814 104.24360814   0.00000865   0.00006411 139.27610953  122.06950142
893554687500.00   3.97402597   0.27000000   15.71998244    2.14597403 106.67783588   0.00000876   0.00006426 140.03241380  122.73802909
898437500000.00   3.97402597   0.26500000   15.72265744    2.10623377 105.27446423   0.00000888   0.00006440 140.78871178  123.40661362
903320312500.00   3.97402597   0.25500000   15.72785744    2.02675325 101.85239643   0.00000900   0.00006454 141.54500342  124.07525493
908203125000.00   3.97402597   0.25000000   15.73038244    1.98701299 100.39504895   0.00000911   0.00006467 142.30128863  124.74395293
913085937500.00   3.96969697   0.26000000   15.69089403    2.06424242 104.85785077   0.00000923   0.00006480 143.05756726  125.41270748
917968750000.00   3.96969697   0.25500000   15.69346903    2.02454545 103.39130740   0.00000934   0.00006492 143.81383919  126.08151844
922851562500.00   3.96969697   0.24000000   15.70089403    1.90545455  97.82706933   0.00000945   0.00006504 144.57010422  126.75038563
927734375000.00   3.96969697   0.23500000   15.70326903    1.86575758  96.29582552   0.00000957   0.00006516 145.32636216  127.41930881
932617187500.00   3.96536797   0.25000000   15.66164310    1.98268398 102.86923527   0.00000968   0.00006526 146.08261278  128.08828775
937500000000.00   3.96536797   0.25000000   15.66164310    1.98268398 103.40781765   0.00000979   0.00006536 146.83885581  128.75732218
942382812500.00   3.96536797   0.23000000   15.67124310    1.82406926  95.63068803   0.00000990   0.00006546 147.59509098  129.42641178
947265625000.00   3.96536797   0.22500000   15.67351810    1.78441558  94.03648418   0.00001001   0.00006555 148.35131800  130.09555622
952148437500.00   3.96103896   0.23000000   15.63692965    1.82207792  96.51619744   0.00001012   0.00006564 149.10753652  130.76475514
957031250000.00   3.96103896   0.23000000   15.63692965    1.82207792  97.01115230   0.00001022   0.00006571 149.86374621  131.43400815
961914062500.00   3.96103896   0.22000000   15.64142965    1.74285714  93.26671119   0.00001033   0.00006579 150.61994670  132.10331482
966796875000.00   3.96103896   0.22000000   15.64142965    1.74285714  93.74014627   0.00001044   0.00006586 151.37613760  132.77267472
971679687500.00   3.95670996   0.22000000   15.60715368    1.74095238  94.11061569   0.00001054   0.00006592 152.13231850  133.44208737
976562500000.00   3.95670996   0.22000000   15.60715368    1.74095238  94.58353336   0.00001064   0.00006597 152.88848898  134.11155227
981445312500.00   3.95670996   0.21000000   15.61145368    1.66181818  90.73570325   0.00001075   0.00006602 153.64464860  134.78106890
986328125000.00   3.95670996   0.21000000   15.61145368    1.66181818  91.18712466   0.00001085   0.00006607 154.40079690  135.45063673
991210937500.00   3.95238095   0.21500000   15.57509019    1.69952381  93.71776806   0.00001095   0.00006611 155.15693340  136.12025517
996093750000.00   3.95238095   0.21500000   15.57509019    1.69952381  94.17943194   0.00001104   0.00006614 155.91305762  136.78992366
1000976562500.00   3.95238095   0.20000000   15.58131519    1.58095238  88.03822867   0.00001114   0.00006617 156.66916905  137.45964157
1005859375000.00   3.95238095   0.19500000   15.58329019    1.54142857  86.25599136   0.00001124   0.00006619 157.42526717  138.12940828
1010742187500.00   3.94805195   0.20500000   15.54508918    1.61870130  91.01976430   0.00001133   0.00006620 158.18135146  138.79922316
1015625000000.00   3.94805195   0.20500000   15.54508918    1.61870130  91.45947331   0.00001143   0.00006621 158.93742139  139.46908553
1020507812500.00   3.94805195   0.19000000   15.55101418    1.50025974  85.17485190   0.00001152   0.00006622 159.69347640  140.13899473
1025390625000.00   3.94805195   0.19000000   15.55101418    1.50025974  85.58238708   0.00001161   0.00006621 160.44951593  140.80895007
1030273437500.00   3.94372294   0.20000000   15.51295066    1.57748918  90.41645796   0.00001170   0.00006621 161.20553942  141.47895084
1035156250000.00   3.94372294   0.20000000   15.51295066    1.57748918  90.84497198   0.00001178   0.00006619 161.96154630  142.14899634
1040039062500.00   3.94372294   0.18500000   15.51872566    1.45917749  84.42797454   0.00001187   0.00006617 162.71753599  142.81908584
1044921875000.00   3.94372294   0.18000000   15.52055066    1.41974026  82.53180001   0.00001195   0.00006615 163.47350791  143.48921862
1049804687500.00   3.93939394   0.19000000   15.48272461    1.49696970  87.42791370   0.00001204   0.00006612 164.22946146  144.15939393
1054687500000.00   3.93939394   0.19000000   15.48272461    1.49696970  87.83455516   0.00001212   0.00006608 164.98539605  144.82961105
1059570312500.00   3.93939394   0.17500000   15.48819961    1.37878788  81.27478636   0.00001220   0.00006604 165.74131109  145.49986921
1064453125000.00   3.93939394   0.17500000   15.48819961    1.37878788  81.64932454   0.00001227   0.00006599 166.49720599  146.17016767
1069335937500.00   3.93506494   0.18000000   15.45233604    1.41662338  84.27469023   0.00001235   0.00006593 167.25308014  146.84050567
1074218750000.00   3.93506494   0.18000000   15.45233604    1.41662338  84.65950617   0.00001243   0.00006587 168.00893294  147.51088248
1079101562500.00   3.93506494   0.17000000   15.45583604    1.33792208  80.31963755   0.00001250   0.00006581 168.76476381  148.18129733
1083984375000.00   3.93506494   0.16500000   15.45751104    1.29857143  78.31004321   0.00001257   0.00006574 169.52057215  148.85174948
1088867187500.00   3.93073593   0.17500000   15.42005996    1.37575758  83.33845060   0.00001264   0.00006566 170.27635736  149.52223819
1093750000000.00   3.93073593   0.17500000   15.42005996    1.37575758  83.71216563   0.00001271   0.00006558 171.03211885  150.19276271
1098632812500.00   3.93073593   0.16000000   15.42508496    1.25783550  76.87851946   0.00001277   0.00006549 171.78785605  150.86332231
1103515625000.00   3.93073593   0.16000000   15.42508496    1.25783550  77.22020176   0.00001284   0.00006540 172.54356836  151.53391626
1108398437500.00   3.92640693   0.17000000   15.38777135    1.33497835  82.31874246   0.00001290   0.00006530 173.29925523  152.20454384
1113281250000.00   3.92640693   0.17000000   15.38777135    1.33497835  82.68138010   0.00001296   0.00006520 174.05491608  152.87520435
1118164062500.00   3.92640693   0.15500000   15.39264635    1.21718615  75.71660440   0.00001302   0.00006509 174.81055035  153.54589708
1123046875000.00   3.92640693   0.15500000   15.39264635    1.21718615  76.04724459   0.00001308   0.00006498 175.56615749  154.21662135
1127929687500.00   3.92207792   0.17000000   15.35379523    1.33350649  83.67693435   0.00001313   0.00006486 176.32173696  154.88737648
1132812500000.00   3.92207792   0.16500000   15.35547023    1.29428571  81.56743180   0.00001319   0.00006474 177.07728822  155.55816180
1137695312500.00   3.92207792   0.15500000   15.35867023    1.21584416  76.95422674   0.00001324   0.00006461 177.83281075  156.22897667
1142578125000.00   3.92207792   0.15000000   15.36019523    1.17662338  74.79145392   0.00001329   0.00006448 178.58830403  156.89982045
1147460937500.00   3.91774892   0.16000000   15.32315658    1.25367965  80.03004956   0.00001334   0.00006434 179.34376758  157.57069253
1152343750000.00   3.91774892   0.16000000   15.32315658    1.25367965  80.37060296   0.00001338   0.00006420 180.09920089  158.24159230
1157226562500.00   3.91774892   0.15000000   15.32625658    1.17532468  75.66670909   0.00001343   0.00006405 180.85460349  158.91251918
1162109375000.00   3.91774892   0.14000000   15.32915658    1.09696970  70.92024605   0.00001347   0.00006390 181.60997492  159.58347259
1166992187500.00   3.91774892   0.13500000   15.33053158    1.05779221  68.67472205   0.00001351   0.00006375 182.36531472  160.25445200
1171875000000.00   3.91341991   0.15000000   15.29235542    1.17402597  76.53984756   0.00001355   0.00006359 183.12062246  160.92545687
1176757812500.00   3.91341991   0.14500000   15.29383042    1.13489177  74.29680481   0.00001359   0.00006342 183.87589772  161.59648669
1181640625000.00   3.91341991   0.13500000   15.29663042    1.05662338  69.45991166   0.00001362   0.00006326 184.63114009  162.26754096
1186523437500.00   3.91341991   0.13500000   15.29663042    1.05662338  69.74693609   0.00001366   0.00006309 185.38634918  162.93861923
1191406250000.00   3.90909091   0.14500000   15.25996674    1.13363636  75.13845150   0.00001369   0.00006291 186.14152462  163.60972104
1196289062500.00   3.90909091   0.14500000   15.25996674    1.13363636  75.44639597   0.00001372   0.00006273 186.89666605  164.28084595
1201171875000.00   3.90909091   0.13000000   15.26409174    1.01636364  67.91768454   0.00001375   0.00006255 187.65177312  164.95199357
1206054687500.00   3.90909091   0.13000000   15.26409174    1.01636364  68.19377269   0.00001378   0.00006236 188.40684551  165.62316351
1210937500000.00   3.90476190   0.14500000   15.22614053    1.13238095  76.28565549   0.00001380   0.00006217 189.16188291  166.29435540
1215820312500.00   3.90476190   0.14500000   15.22614053    1.13238095  76.59325894   0.00001383   0.00006198 189.91688504  166.96556890
1220703125000.00   3.90476190   0.13000000   15.23026553    1.01523810  68.94560077   0.00001385   0.00006178 190.67185161  167.63680370
1225585937500.00   3.90476190   0.12500000   15.23154053    0.97619048  66.55902228   0.00001387   0.00006159 191.42678239  168.30805950
1230468750000.00   3.90043290   0.14000000   15.19377681    1.09212121  74.76012677   0.00001389   0.00006138 192.18167713  168.97933602
1235351562500.00   3.90043290   0.14000000   15.19377681    1.09212121  75.05679394   0.00001391   0.00006118 192.93653562  169.65063301
1240234375000.00   3.90043290   0.12500000   15.19775181    0.97510823  67.27987599   0.00001392   0.00006097 193.69135767  170.32195024
1245117187500.00   3.90043290   0.12000000   15.19897681    0.93610390  64.84296710   0.00001394   0.00006076 194.44614308  170.99328751
1250000000000.00   3.89610390   0.13500000   15.16140057    1.05194805  73.15312865   0.00001395   0.00006054 195.20089172  171.66464463
1254882812500.00   3.89610390   0.13500000   15.16140057    1.05194805  73.43888305   0.00001396   0.00006033 195.95560344  172.33602145
1259765625000.00   3.89610390   0.11500000   15.16640057    0.89610390  62.80246895   0.00001397   0.00006011 196.71027813  173.00741783
1264648437500.00   3.89610390   0.11500000   15.16640057    0.89610390  63.04588937   0.00001398   0.00005989 197.46491568  173.67883365
1269531250000.00   3.89177489   0.13000000   15.12901181    1.01186147  71.46494334   0.00001399   0.00005966 198.21951603  174.35026882
1274414062500.00   3.89177489   0.13000000   15.12901181    1.01186147  71.73980851   0.00001399   0.00005944 198.97407911  175.02172327
1279296875000.00   3.89177489   0.11500000   15.13268681    0.89510823  63.70528825   0.00001400   0.00005921 199.72860490  175.69319696
1284179687500.00   3.89177489   0.11500000   15.13268681    0.89510823  63.94843820   0.00001400   0.00005898 200.48309339  176.36468987
1289062500000.00   3.88744589   0.12500000   15.09661053    0.97186147  69.69585308   0.00001400   0.00005875 201.23754457  177.03620200
1293945312500.00   3.88744589   0.12500000   15.09661053    0.97186147  69.95985253   0.00001400   0.00005852 201.99195849  177.70773336
1298828125000.00   3.88744589   0.11500000   15.09901053    0.89411255  64.60594381   0.00001400   0.00005828 202.74633520  178.37928401
1303710937500.00   3.88744589   0.11000000   15.10013553    0.85523810  62.02930924   0.00001400   0.00005804 203.50067478  179.05085402
1308593750000.00   3.88311688   0.12500000   15.06297173    0.97077922  70.67306260   0.00001399   0.00005780 204.25497731  179.72244347
1313476562500.00   3.88311688   0.12500000   15.06297173    0.97077922  70.93676806   0.00001399   0.00005756 205.00924294  180.39405249
1318359375000.00   3.88311688   0.11500000   15.06537173    0.89311688  65.50443564   0.00001398   0.00005732 205.76347180  181.06568121
1323242187500.00   3.88311688   0.10500000   15.06757173    0.81545455  60.02991034   0.00001397   0.00005708 206.51766406  181.73732980
1328125000000.00   3.88311688   0.10500000   15.06757173    0.81545455  60.25142292   0.00001397   0.00005684 207.27181993  182.40899845
1333007812500.00   3.87878788   0.12000000   15.03059541    0.93090909  69.03487844   0.00001396   0.00005659 208.02593961  183.08068735
1337890625000.00   3.87878788   0.12000000   15.03059541    0.93090909  69.28775345   0.00001395   0.00005635 208.78002337  183.75239676
1342773437500.00   3.87878788   0.10500000   15.03397041    0.81454545  60.84804991   0.00001393   0.00005610 209.53407145  184.42412692
1347656250000.00   3.87878788   0.10000000   15.03499541    0.77575758  58.16125290   0.00001392   0.00005585 210.28808418  185.09587811
1352539062500.00   3.87445887   0.11500000   14.99820657    0.89112554  67.05285999   0.00001391   0.00005560 211.04206186  185.76765065
1357421875000.00   3.87445887   0.11500000   14.99820657    0.89112554  67.29492808   0.00001389   0.00005535 211.79600486  186.43944487
1362304687500.00   3.87445887   0.10000000   15.00143157    0.77489177  58.72782275   0.00001388   0.00005510 212.54991356  187.11126112
1367187500000.00   3.87445887   0.10000000   15.00143157    0.77489177  58.93831674   0.00001386   0.00005485 213.30378836  187.78309978
1372070312500.00   3.87012987   0.11000000   14.96580521    0.85142857  64.99099494   0.00001385   0.00005460 214.05762971  188.45496128
1376953125000.00   3.87012987   0.11000000   14.96580521    0.85142857  65.22227962   0.00001383   0.00005435 214.81143808  189.12684603
1381835937500.00   3.87012987   0.10000000   14.96790521    0.77402597  59.50324027   0.00001381   0.00005410 215.56521397  189.79875450
1386718750000.00   3.87012987   0.10000000   14.96790521    0.77402597  59.71349907   0.00001379   0.00005385 216.31895792  190.47068718
1391601562500.00   3.86580087   0.11000000   14.93231633    0.85047619  65.84240196   0.00001377   0.00005360 217.07267050  191.14264458
1396484375000.00   3.86580087   0.11000000   14.93231633    0.85047619  66.07342793   0.00001375   0.00005334 217.82635230  191.81462726
1401367187500.00   3.86580087   0.10000000   14.93441633    0.77316017  60.27677628   0.00001373   0.00005309 218.58000396  192.48663577
1406250000000.00   3.86580087   0.09500000   14.93539133    0.73450216  57.46245989   0.00001370   0.00005284 219.33362617  193.15867073
1411132812500.00   3.86580087   0.09500000   14.93539133    0.73450216  57.66198233   0.00001368   0.00005259 220.08721962  193.83073276
1416015625000.00   3.86147186   0.11000000   14.89886494    0.84952381  66.92250659   0.00001366   0.00005234 220.84078507  194.50282253
1420898437500.00   3.86147186   0.11000000   14.89886494    0.84952381  67.15327385   0.00001363   0.00005209 221.59432331  195.17494071
1425781250000.00   3.86147186   0.09000000   14.90286494    0.69506494  55.13239728   0.00001361   0.00005184 222.34783515  195.84708804
1430664062500.00   3.86147186   0.09000000   14.90286494    0.69506494  55.32120686   0.00001358   0.00005159 223.10132147  196.51926526
1435546875000.00   3.85714286   0.10500000   14.86652602    0.81000000  64.68908306   0.00001356   0.00005134 223.85478318  197.19147315
1440429687500.00   3.85714286   0.10500000   14.86652602    0.81000000  64.90911395   0.00001353   0.00005109 224.60822123  197.86371254
1445312500000.00   3.85714286   0.09000000   14.86945102    0.69428571  55.82498130   0.00001351   0.00005084 225.36163662  198.53598425
1450195312500.00   3.85714286   0.09000000   14.86945102    0.69428571  56.01357921   0.00001348   0.00005059 226.11503038  199.20828918
1455078125000.00   3.85281385   0.10000000   14.83417458    0.77056277  62.37677720   0.00001345   0.00005034 226.86840361  199.88062823
1459960937500.00   3.85281385   0.10000000   14.83417458    0.77056277  62.58609524   0.00001343   0.00005010 227.62175744  200.55300235
1464843750000.00   3.85281385   0.08500000   14.83694958    0.65497835  53.37610129   0.00001340   0.00004985 228.37509304  201.22541250
1469726562500.00   3.85281385   0.08500000   14.83694958    0.65497835  53.55402163   0.00001337   0.00004960 229.12841165  201.89785970
1474609375000.00   3.84848485   0.10000000   14.80083563    0.76969697  63.14302235   0.00001334   0.00004936 229.88171455  202.57034498
1479492187500.00   3.84848485   0.09500000   14.80181063    0.73121212  60.18449995   0.00001331   0.00004912 230.63500305  203.24286942
1484375000000.00   3.84848485   0.09500000   14.80181063    0.73121212  60.38312866   0.00001328   0.00004887 231.38827854  203.91543412
1489257812500.00   3.84848485   0.08500000   14.80361063    0.65424242  54.20473028   0.00001325   0.00004863 232.14154245  204.58804022
1494140625000.00   3.84848485   0.08500000   14.80361063    0.65424242  54.38245071   0.00001323   0.00004839 232.89479625  205.26068889
1499023437500.00   3.84415584   0.09500000   14.76850915    0.73038961  60.91042198   0.00001320   0.00004815 233.64804147  205.93338132
1503906250000.00   3.84415584   0.09500000   14.76850915    0.73038961  61.10882726   0.00001317   0.00004792 234.40127968  206.60611875
1508789062500.00   3.84415584   0.08500000   14.77030915    0.65350649  54.85383965   0.00001314   0.00004768 235.15451254  207.27890243
1513671875000.00   3.84415584   0.08000000   14.77113415    0.61506494  51.79422133   0.00001311   0.00004744 235.90774170  207.95173367
1518554687500.00   3.83982684   0.09500000   14.73524516    0.72956710  61.63455658   0.00001308   0.00004721 236.66096891  208.62461377
1523437500000.00   3.83982684   0.09500000   14.73524516    0.72956710  61.83273843   0.00001305   0.00004698 237.41419595  209.29754408
1528320312500.00   3.83982684   0.08000000   14.73787016    0.61437229  52.23656445   0.00001302   0.00004674 238.16742466  209.97052598
1533203125000.00   3.83982684   0.08000000   14.73787016    0.61437229  52.40345443   0.00001299   0.00004651 238.92065691  210.64356087
1538085937500.00   3.83982684   0.08000000   14.73787016    0.61437229  52.57034442   0.00001296   0.00004628 239.67389463  211.31665016
1542968750000.00   3.83549784   0.09000000   14.70294365    0.69038961  59.26250100   0.00001293   0.00004606 240.42713980  211.98979532
1547851562500.00   3.83549784   0.09000000   14.70294365    0.69038961  59.45004056   0.00001290   0.00004583 241.18039444  212.66299780
1552734375000.00   3.83549784   0.07500000   14.70541865    0.57532468  49.69798343   0.00001287   0.00004560 241.93366063  213.33625910
1557617187500.00   3.83549784   0.07500000   14.70541865    0.57532468  49.85426640   0.00001284   0.00004538 242.68694047  214.00958072
1562500000000.00   3.83116883   0.09000000   14.66975461    0.68961039  59.94492486   0.00001281   0.00004516 243.44023611  214.68296419
1567382812500.00   3.83116883   0.09000000   14.66975461    0.68961039  60.13225275   0.00001278   0.00004493 244.19354974  215.35641106
1572265625000.00   3.83116883   0.07500000   14.67222961    0.57467532  50.26631720   0.00001275   0.00004471 244.94688360  216.02992287
1577148437500.00   3.83116883   0.07500000   14.67222961    0.57467532  50.42242378   0.00001272   0.00004450 245.70023994  216.70350120
1582031250000.00   3.82683983   0.08500000   14.63747806    0.65056277  57.25756340   0.00001269   0.00004428 246.45362105  217.37714762
1586914062500.00   3.82683983   0.08500000   14.63747806    0.65056277  57.43428427   0.00001266   0.00004406 247.20702928  218.05086372
1591796875000.00   3.82683983   0.08000000   14.63830306    0.61229437  54.22212249   0.00001263   0.00004385 247.96046696  218.72465108
1596679687500.00   3.82683983   0.07500000   14.63907806    0.57402597  50.98917002   0.00001260   0.00004363 248.71393647  219.39851130
1601562500000.00   3.82683983   0.07500000   14.63907806    0.57402597  51.14510021   0.00001257   0.00004342 249.46744022  220.07244598
1606445312500.00   3.82251082   0.08500000   14.60436399    0.64982684  58.07539722   0.00001255   0.00004321 250.22098061  220.74645671
1611328125000.00   3.82251082   0.08500000   14.60436399    0.64982684  58.25191819   0.00001252   0.00004300 250.97456009  221.42054508
1616210937500.00   3.82251082   0.07000000   14.60668899    0.53515152  48.11753812   0.00001249   0.00004280 251.72818109  222.09471268
1621093750000.00   3.82251082   0.07000000   14.60668899    0.53515152  48.26290833   0.00001246   0.00004259 252.48184607  222.76896109
1625976562500.00   3.81818182   0.08500000   14.57128740    0.64909091  58.71491088   0.00001243   0.00004238 253.23555748  223.44329187
1630859375000.00   3.81818182   0.08500000   14.57128740    0.64909091  58.89123194   0.00001240   0.00004218 253.98931779  224.11770659
1635742187500.00   3.81818182   0.08000000   14.57211240    0.61090909  55.59299105   0.00001237   0.00004198 254.74312944  224.79220679
1640625000000.00   3.81818182   0.07000000   14.57361240    0.53454545  48.78907274   0.00001235   0.00004177 255.49699489  225.46679400
1645507812500.00   3.81818182   0.07000000   14.57361240    0.53454545  48.93427832   0.00001232   0.00004157 256.25091657  226.14146971
1650390625000.00   3.81385281   0.08000000   14.53907329    0.61021645  56.02724368   0.00001229   0.00004137 257.00489692  226.81623543
1655273437500.00   3.81385281   0.08000000   14.53907329    0.61021645  56.19300475   0.00001226   0.00004118 257.75893834  227.49109262
1660156250000.00   3.81385281   0.06500000   14.54124829    0.49580087  45.79149724   0.00001224   0.00004098 258.51304322  228.16604272
1665039062500.00   3.81385281   0.06500000   14.54124829    0.49580087  45.92617811   0.00001221   0.00004078 259.26721391  228.84108713
1669921875000.00   3.80952381   0.08000000   14.50607166    0.60952381  56.62594032   0.00001218   0.00004059 260.02145277  229.51622726
1674804687500.00   3.80952381   0.08000000   14.50607166    0.60952381  56.79151325   0.00001215   0.00004039 260.77576209  230.19146445
1679687500000.00   3.80952381   0.08000000   14.50607166    0.60952381  56.95708617   0.00001213   0.00004020 261.53014414  230.86680002
1684570312500.00   3.80952381   0.06500000   14.50824666    0.49523810  46.41216052   0.00001210   0.00004001 262.28460116  231.54223528
1689453125000.00   3.80952381   0.06500000   14.50824666    0.49523810  46.54668852   0.00001207   0.00003982 263.03913532  232.21777146
1694335937500.00   3.80519481   0.08000000   14.47310751    0.60883117  57.38851653   0.00001205   0.00003962 263.79374878  232.89340980
1699218750000.00   3.80519481   0.07500000   14.47388251    0.57077922  53.95678247   0.00001202   0.00003943 264.54844362  233.56915148
1704101562500.00   3.80519481   0.07000000   14.47460751    0.53272727  50.50437532   0.00001199   0.00003925 265.30322191  234.24499763
1708984375000.00   3.80519481   0.06500000   14.47528251    0.49467532  47.03129507   0.00001196   0.00003906 266.05808563  234.92094936
1713867187500.00   3.80519481   0.06000000   14.47590751    0.45662338  43.53754172   0.00001194   0.00003887 266.81303671  235.59700774
1718750000000.00   3.80086580   0.07500000   14.44095584    0.57012987  54.51488553   0.00001191   0.00003868 267.56807704  236.27317379
1723632812500.00   3.80086580   0.07500000   14.44095584    0.57012987  54.66975736   0.00001188   0.00003850 268.32320844  236.94944849
1728515625000.00   3.80086580   0.06000000   14.44298084    0.45610390  43.85970336   0.00001186   0.00003831 269.07843266  237.62583277
1733398437500.00   3.80086580   0.06000000   14.44298084    0.45610390  43.98360082   0.00001183   0.00003812 269.83375139  238.30232754
1738281250000.00   3.80086580   0.06000000   14.44298084    0.45610390  44.10749829   0.00001180   0.00003794 270.58916627  238.97893364
1743164062500.00   3.79653680   0.07000000   14.40879165    0.53151515  51.54452137   0.00001178   0.00003775 271.34467886  239.65565188
1748046875000.00   3.79653680   0.07000000   14.40879165    0.53151515  51.68890378   0.00001175   0.00003757 272.10029065  240.33248304
1752929687500.00   3.79653680   0.06000000   14.41009165    0.45558442  44.42853102   0.00001172   0.00003739 272.85600306  241.00942784
1757812500000.00   3.79653680   0.06000000   14.41009165    0.45558442  44.55228738   0.00001169   0.00003720 273.61181744  241.68648695
1762695312500.00   3.79653680   0.06000000   14.41009165    0.45558442  44.67604373   0.00001167   0.00003702 274.36773509  242.36366102
1767578125000.00   3.79220779   0.07000000   14.37593994    0.53090909  52.20683659   0.00001164   0.00003684 275.12375722  243.04095065
1772460937500.00   3.79220779   0.07000000   14.37593994    0.53090909  52.35105437   0.00001161   0.00003666 275.87988496  243.71835639
1777343750000.00   3.79220779   0.06000000   14.37723994    0.45506494  44.99594755   0.00001158   0.00003647 276.63611941  244.39587876
1782226562500.00   3.79220779   0.06000000   14.37723994    0.45506494  45.11956280   0.00001155   0.00003629 277.39246154  245.07351824
1787109375000.00   3.79220779   0.06000000   14.37723994    0.45506494  45.24317804   0.00001153   0.00003611 278.14891231  245.75127527
1791992187500.00   3.78787879   0.07000000   14.34312571    0.53030303  52.86750548   0.00001150   0.00003593 278.90547257  246.42915024
1796875000000.00   3.78787879   0.07000000   14.34312571    0.53030303  53.01155863   0.00001147   0.00003575 279.66214311  247.10714354
1801757812500.00   3.78787879   0.05500000   14.34500071    0.41666667  41.76512354   0.00001144   0.00003556 280.41892468  247.78525549
1806640625000.00   3.78787879   0.05500000   14.34500071    0.41666667  41.87830816   0.00001141   0.00003538 281.17581792  248.46348638
1811523437500.00   3.78787879   0.05500000   14.34500071    0.41666667  41.99149277   0.00001138   0.00003520 281.93282344  249.14183648
1816406250000.00   3.78354978   0.06500000   14.31102396    0.49186147  49.70320463   0.00001135   0.00003502 282.68994178  249.82030604
1821289062500.00   3.78354978   0.06500000   14.31102396    0.49186147  49.83681539   0.00001132   0.00003484 283.44717339  250.49889524
1826171875000.00   3.78354978   0.06500000   14.31102396    0.49186147  49.97042616   0.00001129   0.00003465 284.20451870  251.17760429
1831054687500.00   3.78354978   0.05500000   14.31222396    0.41619048  42.39572355   0.00001126   0.00003447 284.96197807  251.85643332
1835937500000.00   3.78354978   0.05500000   14.31222396    0.41619048  42.50877881   0.00001123   0.00003429 285.71955178  252.53538247
1840820312500.00   3.77922078   0.06500000   14.27828470    0.49129870  50.31362543   0.00001120   0.00003411 286.47724010  253.21445184
1845703125000.00   3.77922078   0.06500000   14.27828470    0.49129870  50.44708332   0.00001117   0.00003393 287.23504320  253.89364152
1850585937500.00   3.77922078   0.06500000   14.27828470    0.49129870  50.58054122   0.00001114   0.00003374 287.99296125  254.57295158
1855468750000.00   3.77922078   0.05500000   14.27948470    0.41571429  42.91184540   0.00001111   0.00003356 288.75099433  255.25238206
1860351562500.00   3.77922078   0.05000000   14.28000970    0.37792208  39.11342846   0.00001108   0.00003338 289.50914250  255.93193302
1865234375000.00   3.77922078   0.05000000   14.28000970    0.37792208  39.21608838   0.00001104   0.00003320 290.26740578  256.61160445
1870117187500.00   3.77489177   0.06000000   14.24620791    0.45298701  47.12845157   0.00001101   0.00003301 291.02578414  257.29139639
1875000000000.00   3.77489177   0.06000000   14.24620791    0.45298701  47.25150235   0.00001098   0.00003283 291.78427752  257.97130882
1879882812500.00   3.77489177   0.06000000   14.24620791    0.45298701  47.37455314   0.00001095   0.00003264 292.54288584  258.65134174
1884765625000.00   3.77489177   0.05000000   14.24730791    0.37748918  39.58133661   0.00001091   0.00003246 293.30160897  259.33149514
1889648437500.00   3.77489177   0.05000000   14.24730791    0.37748918  39.68387893   0.00001088   0.00003228 294.06044675  260.01176900
1894531250000.00   3.77056277   0.06000000   14.21354361    0.45246753  47.68895355   0.00001085   0.00003209 294.81939902  260.69216330
1899414062500.00   3.77056277   0.06000000   14.21354361    0.45246753  47.81186322   0.00001081   0.00003191 295.57846559  261.37267802
1904296875000.00   3.77056277   0.06000000   14.21354361    0.45246753  47.93477290   0.00001078   0.00003172 296.33764623  262.05331314
1909179687500.00   3.77056277   0.05000000   14.21464361    0.37705628  40.04806881   0.00001074   0.00003154 297.09694072  262.73406865
1914062500000.00   3.77056277   0.04500000   14.21511861    0.33935065  36.13544418   0.00001071   0.00003135 297.85634883  263.41494452
1918945312500.00   3.77056277   0.04500000   14.21511861    0.33935065  36.22762644   0.00001068   0.00003117 298.61587030  264.09594076
1923828125000.00   3.76623377   0.06000000   14.18091678    0.45194805  48.37081296   0.00001064   0.00003098 299.37550487  264.77705735
1928710937500.00   3.76623377   0.06000000   14.18091678    0.45194805  48.49358152   0.00001060   0.00003079 300.13525230  265.45829431
1933593750000.00   3.76623377   0.06000000   14.18091678    0.45194805  48.61635008   0.00001057   0.00003061 300.89511232  266.13965165
1938476562500.00   3.76623377   0.04500000   14.18249178    0.33896104  36.55433898   0.00001053   0.00003042 301.65508467  266.82112940
1943359375000.00   3.76623377   0.04500000   14.18249178    0.33896104  36.64641540   0.00001050   0.00003023 302.41516911  267.50272759
1948242187500.00   3.76623377   0.04500000   14.18249178    0.33896104  36.73849182   0.00001046   0.00003005 303.17536538  268.18444628
1953125000000.00   3.76190476   0.05500000   14.14890244    0.41380952  44.96339742   0.00001042   0.00002986 303.93567327  268.86628554
1958007812500.00   3.76190476   0.05500000   14.14890244    0.41380952  45.07580592   0.00001039   0.00002967 304.69609254  269.54824543
1962890625000.00   3.76190476   0.05500000   14.14890244    0.41380952  45.18821441   0.00001035   0.00002948 305.45662299  270.23032606
1967773437500.00   3.76190476   0.04500000   14.14990244    0.33857143  37.06414601   0.00001031   0.00002929 306.21726444  270.91252754
1972656250000.00   3.76190476   0.04500000   14.14990244    0.33857143  37.15611660   0.00001028   0.00002911 306.97801672  271.59484998
1977539062500.00   3.76190476   0.04500000   14.14990244    0.33857143  37.24808718   0.00001024   0.00002892 307.73887970  272.27729355
1982421875000.00   3.75757576   0.05500000   14.11635057    0.41333333  45.58533072   0.00001020   0.00002873 308.49985324  272.95985839
1987304687500.00   3.75757576   0.05500000   14.11635057    0.41333333  45.69760986   0.00001016   0.00002854 309.26093727  273.64254468
1992187500000.00   3.75757576   0.05500000   14.11635057    0.41333333  45.80988900   0.00001013   0.00002835 310.02213171  274.32535263
1997070312500.00   3.75757576   0.04500000   14.11735057    0.33818182  37.57268302   0.00001009   0.00002816 310.78343654  275.00828244
2001953125000.00   3.75757576   0.04000000   14.11777557    0.30060606  33.47959802   0.00001005   0.00002797 311.54485175  275.69133435
2006835937500.00   3.75757576   0.04000000   14.11777557    0.30060606  33.56125558   0.00001001   0.00002778 312.30637738  276.37450861
2011718750000.00   3.75324675   0.05500000   14.08383619    0.41285714  46.20571178   0.00000997   0.00002759 313.06801350  277.05780549
2016601562500.00   3.75324675   0.05500000   14.08383619    0.41285714  46.31786156   0.00000993   0.00002740 313.82976021  277.74122526
2021484375000.00   3.75324675   0.05000000   14.08436119    0.37532468  42.20910122   0.00000989   0.00002721 314.59161765  278.42476823
2026367187500.00   3.75324675   0.04000000   14.08526119    0.30025974  33.84884446   0.00000986   0.00002702 315.35358600  279.10843471
2031250000000.00   3.75324675   0.04000000   14.08526119    0.30025974  33.93040794   0.00000982   0.00002683 316.11566548  279.79222505
2036132812500.00   3.75324675   0.04000000   14.08526119    0.30025974  34.01197142   0.00000978   0.00002664 316.87785634  280.47613958
2041015625000.00   3.75324675   0.04000000   14.08526119    0.30025974  34.09353490   0.00000974   0.00002645 317.64015889  281.16017866
2045898437500.00   3.74891775   0.05000000   14.05188429    0.37489177  42.66960092   0.00000970   0.00002626 318.40257346  281.84434268
2050781250000.00   3.74891775   0.05000000   14.05188429    0.37489177  42.77143768   0.00000966   0.00002606 319.16510042  282.52863201
2055664062500.00   3.74891775   0.05000000   14.05188429    0.37489177  42.87327443   0.00000962   0.00002587 319.92774020  283.21304706
2060546875000.00   3.74891775   0.04000000   14.05278429    0.29991342  34.38008895   0.00000958   0.00002568 320.69049325  283.89758824
2065429687500.00   3.74891775   0.04000000   14.05278429    0.29991342  34.46155836   0.00000954   0.00002549 321.45336008  284.58225596
2070312500000.00   3.74891775   0.04000000   14.05278429    0.29991342  34.54302776   0.00000950   0.00002530 322.21634120  285.26705065
2075195312500.00   3.74458874   0.05000000   14.01944487    0.37445887  43.23064384   0.00000946   0.00002511 322.97943720  285.95197275
2080078125000.00   3.74458874   0.05000000   14.01944487    0.37445887  43.33236300   0.00000942   0.00002492 323.74264870  286.63702269
2084960937500.00   3.74458874   0.04500000   14.01991987    0.33701299  39.09067395   0.00000938   0.00002473 324.50597633  287.32220092
2089843750000.00   3.74458874   0.03500000   14.02071987    0.26212121  30.47506093   0.00000933   0.00002453 325.26942079  288.00750788
2094726562500.00   3.74458874   0.03500000   14.02071987    0.26212121  30.54626434   0.00000929   0.00002434 326.03298278  288.69294404
2099609375000.00   3.74458874   0.03500000   14.02071987    0.26212121  30.61746775   0.00000925   0.00002415 326.79666307  289.37850983
2104492187500.00   3.74458874   0.03500000   14.02071987    0.26212121  30.68867117   0.00000921   0.00002396 327.56046243  290.06420572
2109375000000.00   3.74025974   0.05000000   13.98704292    0.37402597  43.89187719   0.00000917   0.00002377 328.32438167  290.75003215
2114257812500.00   3.74025974   0.04500000   13.98751792    0.33662338  39.59413088   0.00000913   0.00002358 329.08842164  291.43598957
2119140625000.00   3.74025974   0.04500000   13.98751792    0.33662338  39.68557229   0.00000909   0.00002339 329.85258319  292.12207843
2124023437500.00   3.74025974   0.03500000   13.98831792    0.26181818  30.93767732   0.00000904   0.00002320 330.61686723  292.80829917
2128906250000.00   3.74025974   0.03500000   13.98831792    0.26181818  31.00879842   0.00000900   0.00002300 331.38127465  293.49465222
2133789062500.00   3.74025974   0.03500000   13.98831792    0.26181818  31.07991952   0.00000896   0.00002281 332.14580639  294.18113802
2138671875000.00   3.73593074   0.04000000   13.95557846    0.29887446  35.55998419   0.00000892   0.00002262 332.91046341  294.86775699
2143554687500.00   3.73593074   0.04000000   13.95557846    0.29887446  35.64117137   0.00000887   0.00002243 333.67524666  295.55450954
2148437500000.00   3.73593074   0.04000000   13.95557846    0.29887446  35.72235855   0.00000883   0.00002224 334.44015711  296.24139607
2153320312500.00   3.73593074   0.04000000   13.95557846    0.29887446  35.80354573   0.00000879   0.00002205 335.20519577  296.92841699
2158203125000.00   3.73593074   0.03000000   13.95627846    0.22415584  26.91354968   0.00000874   0.00002186 335.97036363  297.61557269
2163085937500.00   3.73593074   0.03000000   13.95627846    0.22415584  26.97444006   0.00000870   0.00002167 336.73566168  298.30286353
2167968750000.00   3.73593074   0.03000000   13.95627846    0.22415584  27.03533045   0.00000865   0.00002148 337.50109093  298.99028989
2172851562500.00   3.73160173   0.04000000   13.92325148    0.29852814  36.08643083   0.00000861   0.00002129 338.26665239  299.67785212
2177734375000.00   3.73160173   0.04000000   13.92325148    0.29852814  36.16752394   0.00000857   0.00002110 339.03234707  300.36555058
2182617187500.00   3.73160173   0.04000000   13.92325148    0.29852814  36.24861704   0.00000852   0.00002091 339.79817595  301.05338558
2187500000000.00   3.73160173   0.04000000   13.92325148    0.29852814  36.32971014   0.00000848   0.00002072 340.56414004  301.74135747
2192382812500.00   3.73160173   0.03000000   13.92395148    0.22389610  27.30810244   0.00000843   0.00002053 341.33024032  302.42946656
2197265625000.00   3.73160173   0.03000000   13.92395148    0.22389610  27.36892226   0.00000838   0.00002034 342.09647777  303.11771314
2202148437500.00   3.73160173   0.03000000   13.92395148    0.22389610  27.42974209   0.00000834   0.00002015 342.86285333  303.80609753
2207031250000.00   3.72727273   0.04000000   13.89096198    0.29818182  36.61156042   0.00000829   0.00001996 343.62936795  304.49462000
2211914062500.00   3.72727273   0.04000000   13.89096198    0.29818182  36.69255945   0.00000824   0.00001977 344.39602256  305.18328084
2216796875000.00   3.72727273   0.04000000   13.89096198    0.29818182  36.77355847   0.00000820   0.00001958 345.16281805  305.87208032
2221679687500.00   3.72727273   0.04000000   13.89096198    0.29818182  36.85455750   0.00000815   0.00001939 345.92975531  306.56101872
2226562500000.00   3.72727273   0.02500000   13.89193698    0.18636364  23.08472283   0.00000810   0.00001920 346.69683518  307.25009630
2231445312500.00   3.72727273   0.02500000   13.89193698    0.18636364  23.13534722   0.00000805   0.00001901 347.46405849  307.93931332
2236328125000.00   3.72727273   0.02500000   13.89193698    0.18636364  23.18597161   0.00000801   0.00001883 348.23142605  308.62867004
2241210937500.00   3.72727273   0.02500000   13.89193698    0.18636364  23.23659601   0.00000796   0.00001864 348.99893861  309.31816674
2246093750000.00   3.72294372   0.03500000   13.85908496    0.26060606  32.56424316   0.00000791   0.00001845 349.76659690  310.00780366
2250976562500.00   3.72294372   0.03500000   13.85908496    0.26060606  32.63503499   0.00000786   0.00001826 350.53440162  310.69758108
2255859375000.00   3.72294372   0.03500000   13.85908496    0.26060606  32.70582683   0.00000781   0.00001807 351.30235342  311.38749928
2260742187500.00   3.72294372   0.02500000   13.85968496    0.18614719  23.41187047   0.00000776   0.00001789 352.07045294  312.07755852
2265625000000.00   3.72294372   0.02500000   13.85968496    0.18614719  23.46243607   0.00000771   0.00001770 352.83870076  312.76775911
2270507812500.00   3.72294372   0.02500000   13.85968496    0.18614719  23.51300166   0.00000766   0.00001751 353.60709740  313.45810133
2275390625000.00   3.72294372   0.02500000   13.85968496    0.18614719  23.56356725   0.00000760   0.00001732 354.37564337  314.14858550
2280273437500.00   3.71861472   0.03500000   13.82687043    0.26030303  33.02134438   0.00000755   0.00001714 355.14433913  314.83921196
2285156250000.00   3.71861472   0.03500000   13.82687043    0.26030303  33.09205390   0.00000750   0.00001695 355.91318508  315.52998104
2290039062500.00   3.71861472   0.03500000   13.82687043    0.26030303  33.16276341   0.00000745   0.00001676 356.68218160  316.22089310
2294921875000.00   3.71861472   0.03500000   13.82687043    0.26030303  33.23347293   0.00000739   0.00001658 357.45132899  316.91194853
2299804687500.00   3.71861472   0.02000000   13.82769543    0.14874459  19.03096140   0.00000734   0.00001639 358.22062753  317.60314773
2304687500000.00   3.71861472   0.02000000   13.82769543    0.14874459  19.07136684   0.00000729   0.00001621 358.99007745  318.29449114
2309570312500.00   3.71861472   0.02000000   13.82769543    0.14874459  19.11177227   0.00000723   0.00001602 359.75967892  318.98597920
2314453125000.00   3.71861472   0.02000000   13.82769543    0.14874459  19.15217771   0.00000718   0.00001583 360.52943208  319.67761241
2319335937500.00   3.71428571   0.03000000   13.79501837    0.22285714  28.75536032   0.00000712   0.00001565 361.29933699  320.36939126
2324218750000.00   3.71428571   0.03000000   13.79501837    0.22285714  28.81589792   0.00000707   0.00001546 362.06939370  321.06131630
2329101562500.00   3.71428571   0.03000000   13.79501837    0.22285714  28.87643552   0.00000701   0.00001528 362.83960219  321.75338811
2333984375000.00   3.71428571   0.03000000   13.79501837    0.22285714  28.93697312   0.00000695   0.00001510 363.60996239  322.44560728
2338867187500.00   3.71428571   0.02000000   13.79551837    0.14857143  19.33167381   0.00000690   0.00001491 364.38047420  323.13797445
2343750000000.00   3.71428571   0.02000000   13.79551837    0.14857143  19.37203222   0.00000684   0.00001473 365.15113744  323.83049030
2348632812500.00   3.71428571   0.02000000   13.79551837    0.14857143  19.41239062   0.00000678   0.00001455 365.92195193  324.52315552
2353515625000.00   3.71428571   0.02000000   13.79551837    0.14857143  19.45274902   0.00000672   0.00001436 366.69291739  325.21597085
2358398437500.00   3.70995671   0.02500000   13.76315379    0.18549784  24.33798522   0.00000667   0.00001418 367.46403355  325.90893707
2363281250000.00   3.70995671   0.02500000   13.76315379    0.18549784  24.38837443   0.00000661   0.00001400 368.23530004  326.60205497
2368164062500.00   3.70995671   0.02500000   13.76315379    0.18549784  24.43876363   0.00000655   0.00001382 369.00671649  327.29532539
2373046875000.00   3.70995671   0.02500000   13.76315379    0.18549784  24.48915283   0.00000649   0.00001364 369.77828247  327.98874920
2377929687500.00   3.70995671   0.02500000   13.76315379    0.18549784  24.53954204   0.00000643   0.00001346 370.54999751  328.68232729
2382812500000.00   3.70995671   0.01500000   13.76355379    0.11129870  14.75395874   0.00000637   0.00001328 371.32186110  329.37606059
2387695312500.00   3.70995671   0.01500000   13.76355379    0.11129870  14.78419227   0.00000631   0.00001310 372.09387268  330.06995004
2392578125000.00   3.70995671   0.01500000   13.76355379    0.11129870  14.81442579   0.00000625   0.00001292 372.86603167  330.76399663
2397460937500.00   3.70995671   0.01500000   13.76355379    0.11129870  14.84465931   0.00000619   0.00001274 373.63833745  331.45820134
2402343750000.00   3.70562771   0.02500000   13.73105169    0.18528139  24.76255983   0.00000612   0.00001257 374.41078936  332.15256518
2407226562500.00   3.70562771   0.02500000   13.73105169    0.18528139  24.81289023   0.00000606   0.00001239 375.18338672  332.84708919
2412109375000.00   3.70562771   0.02500000   13.73105169    0.18528139  24.86322064   0.00000600   0.00001221 375.95612881  333.54177438
2416992187500.00   3.70562771   0.02500000   13.73105169    0.18528139  24.91355105   0.00000594   0.00001204 376.72901487  334.23662181
2421875000000.00   3.70562771   0.01500000   13.73145169    0.11116883  14.97832887   0.00000587   0.00001186 377.50204413  334.93163252
2426757812500.00   3.70562771   0.01500000   13.73145169    0.11116883  15.00852712   0.00000581   0.00001169 378.27521581  335.62680753
2431640625000.00   3.70562771   0.01500000   13.73145169    0.11116883  15.03872536   0.00000575   0.00001152 379.04852906  336.32214787
2436523437500.00   3.70562771   0.01500000   13.73145169    0.11116883  15.06892360   0.00000569   0.00001135 379.82198306  337.01765455
2441406250000.00   3.70562771   0.01500000   13.73145169    0.11116883  15.09912185   0.00000562   0.00001117 380.59557694  337.71332856
2446289062500.00   3.70129870   0.02000000   13.69921208    0.14805195  20.14886087   0.00000556   0.00001101 381.36930983  338.40917086
2451171875000.00   3.70129870   0.02000000   13.69921208    0.14805195  20.18907815   0.00000549   0.00001084 382.14318083  339.10518236
2456054687500.00   3.70129870   0.02000000   13.69921208    0.14805195  20.22929544   0.00000543   0.00001067 382.91718905  339.80136395
2460937500000.00   3.70129870   0.02000000   13.69921208    0.14805195  20.26951273   0.00000537   0.00001050 383.69133357  340.49771645
2465820312500.00   3.70129870   0.01500000   13.69938708    0.11103896  15.23229751   0.00000530   0.00001034 384.46561347  341.19424064
2470703125000.00   3.70129870   0.01000000   13.69951208    0.07402597  10.17497365   0.00000524   0.00001017 385.24002783  341.89093720
2475585937500.00   3.70129870   0.01000000   13.69951208    0.07402597  10.19508230   0.00000517   0.00001001 386.01457572  342.58780678
2480468750000.00   3.70129870   0.01000000   13.69951208    0.07402597  10.21519094   0.00000511   0.00000985 386.78925622  343.28484991
2485351562500.00   3.69696970   0.02000000   13.66718494    0.14787879  20.44665694   0.00000504   0.00000969 387.56406839  343.98206704
2490234375000.00   3.69696970   0.02000000   13.66718494    0.14787879  20.48682719   0.00000498   0.00000953 388.33901132  344.67945853
2495117187500.00   3.69696970   0.02000000   13.66718494    0.14787879  20.52699744   0.00000491   0.00000937 389.11408408  345.37702461
2500000000000.00   3.69696970   0.02500000   13.66695994    0.18484848  25.70895961   0.00000485   0.00000921 389.88928576  346.07476542
2504882812500.00   3.69696970   0.02000000   13.66718494    0.14787879  20.60733794   0.00000478   0.00000906 390.66461547  346.77268094
2509765625000.00   3.69696970   0.01000000   13.66748494    0.07393939  10.32375410   0.00000472   0.00000890 391.44007231  347.47077105
2514648437500.00   3.69696970   0.01000000   13.66748494    0.07393939  10.34383922   0.00000465   0.00000875 392.21565540  348.16903546
2519531250000.00   3.69696970   0.01000000   13.66748494    0.07393939  10.36392434   0.00000459   0.00000860 392.99136389  348.86747374
2524414062500.00   3.69696970   0.01000000   13.66748494    0.07393939  10.38400947   0.00000452   0.00000845 393.76719692  349.56608532
2529296875000.00   3.69264069   0.02000000   13.63519528    0.14770563  20.78382363   0.00000446   0.00000830 394.54315367  350.26486943
2534179687500.00   3.69264069   0.01500000   13.63537028    0.11077922  15.61796013   0.00000439   0.00000815 395.31923334  350.96382516
2539062500000.00   3.69264069   0.02000000   13.63519528    0.14770563  20.86407005   0.00000433   0.00000801 396.09543512  351.66295141
2543945312500.00   3.69264069   0.01500000   13.63537028    0.11077922  15.67814495   0.00000426   0.00000787 396.87175827  352.36224691
2548828125000.00   3.69264069   0.01000000   13.63549528    0.07385281  10.47215824   0.00000420   0.00000772 397.64820204  353.06171019
2553710937500.00   3.69264069   0.01000000   13.63549528    0.07385281  10.49221984   0.00000413   0.00000758 398.42476572  353.76133961
2558593750000.00   3.69264069   0.01000000   13.63549528    0.07385281  10.51228145   0.00000407   0.00000745 399.20144861  354.46113333
2563476562500.00   3.69264069   0.01000000   13.63549528    0.07385281  10.53234305   0.00000400   0.00000731 399.97825006  355.16108931
2568359375000.00   3.68831169   0.01500000   13.60341811    0.11064935  15.81005059   0.00000394   0.00000717 400.75516942  355.86120534
2573242187500.00   3.68831169   0.01500000   13.60341811    0.11064935  15.84010772   0.00000387   0.00000704 401.53220611  356.56147900
2578125000000.00   3.68831169   0.01500000   13.60341811    0.11064935  15.87016485   0.00000381   0.00000691 402.30935955  357.26190769
2583007812500.00   3.68831169   0.01500000   13.60341811    0.11064935  15.90022198   0.00000375   0.00000678 403.08662919  357.96248863
2587890625000.00   3.68831169   0.01500000   13.60341811    0.11064935  15.93027911   0.00000368   0.00000665 403.86401453  358.66321886
2592773437500.00   3.68831169   0.00500000   13.60361811    0.03688312   5.32011208   0.00000362   0.00000653 404.64151509  359.36409524
2597656250000.00   3.68831169   0.00500000   13.60361811    0.03688312   5.33013112   0.00000356   0.00000640 405.41913044  360.06511445
2602539062500.00   3.68831169   0.00500000   13.60361811    0.03688312   5.34015017   0.00000350   0.00000628 406.19686017  360.76627305
2607421875000.00   3.68831169   0.00500000   13.60361811    0.03688312   5.35016921   0.00000343   0.00000616 406.97470391  361.46756742
2612304687500.00   3.68398268   0.01500000   13.57150342    0.11051948  16.06169086   0.00000337   0.00000604 407.75266133  362.16899382
2617187500000.00   3.68398268   0.01500000   13.57150342    0.11051948  16.09171272   0.00000331   0.00000592 408.53073215  362.87054837
2622070312500.00   3.68398268   0.01500000   13.57150342    0.11051948  16.12173457   0.00000325   0.00000580 409.30891611  363.57222709
2626953125000.00   3.68398268   0.01500000   13.57150342    0.11051948  16.15175642   0.00000319   0.00000569 410.08721301  364.27402591
2631835937500.00   3.68398268   0.00500000   13.57170342    0.03683983   5.39392609   0.00000313   0.00000558 410.86562267  364.97594067
2636718750000.00   3.68398268   0.00500000   13.57170342    0.03683983   5.40393337   0.00000307   0.00000547 411.64414499  365.67796713
2641601562500.00   3.68398268   0.00500000   13.57170342    0.03683983   5.41394066   0.00000301   0.00000536 412.42277989  366.38010104
2646484375000.00   3.68398268   0.00500000   13.57170342    0.03683983   5.42394794   0.00000295   0.00000525 413.20152734  367.08233809
2651367187500.00   3.67965368   0.01500000   13.53962620    0.11038961  16.28270955   0.00000289   0.00000514 413.98038739  367.78467396
2656250000000.00   3.67965368   0.01500000   13.53962620    0.11038961  16.31269613   0.00000284   0.00000504 414.75936011  368.48710435
2661132812500.00   3.67965368   0.01500000   13.53962620    0.11038961  16.34268270   0.00000278   0.00000494 415.53844565  369.18962497
2666015625000.00   3.67965368   0.01500000   13.53962620    0.11038961  16.37266927   0.00000272   0.00000484 416.31764421  369.89223159
2670898437500.00   3.67965368   0.01500000   13.53962620    0.11038961  16.40265585   0.00000266   0.00000474 417.09695606  370.59492003
2675781250000.00   3.67965368   0.00500000   13.53982620    0.03679654   5.47754747   0.00000261   0.00000464 417.87638155  371.29768617
2680664062500.00   3.67965368   0.00500000   13.53982620    0.03679654   5.48754300   0.00000255   0.00000454 418.65592109  372.00052603
2685546875000.00   3.67965368   0.00500000   13.53982620    0.03679654   5.49753852   0.00000250   0.00000445 419.43557517  372.70343570
2690429687500.00   3.67965368   0.00500000   13.53982620    0.03679654   5.50753405   0.00000244   0.00000436 420.21534437  373.40641143
2695312500000.00   3.67532468   0.02000000   13.50761147    0.14701299  22.04415344   0.00000239   0.00000426 420.99522937  374.10944958
2700195312500.00   3.67532468   0.01500000   13.50778647    0.11025974  16.56306638   0.00000234   0.00000417 421.77523092  374.81254671
2705078125000.00   3.67532468   0.01500000   13.50778647    0.11025974  16.59301767   0.00000228   0.00000409 422.55534990  375.51569949
2709960937500.00   3.67532468   0.01500000   13.50778647    0.11025974  16.62296897   0.00000223   0.00000400 423.33558729  376.21890483
2714843750000.00   3.67532468   0.01500000   13.50778647    0.11025974  16.65292026   0.00000218   0.00000391 424.11594420  376.92215978
2719726562500.00   3.67532468   0.00500000   13.50798647    0.03675325   5.56095719   0.00000213   0.00000383 424.89642186  377.62546160
2724609375000.00   3.67532468   0.00500000   13.50798647    0.03675325   5.57094095   0.00000208   0.00000374 425.67702165  378.32880776
2729492187500.00   3.67532468   0.00500000   13.50798647    0.03675325   5.58092472   0.00000203   0.00000366 426.45774509  379.03219592
2734375000000.00   3.67532468   0.00500000   13.50798647    0.03675325   5.59090848   0.00000198   0.00000358 427.23859386  379.73562394
2739257812500.00   3.67532468   0.01000000   13.50791147    0.07350649  11.20178449   0.00000193   0.00000350 428.01956981  380.43908990
2744140625000.00   3.67099567   0.01500000   13.47598422    0.11012987  16.81280162   0.00000188   0.00000342 428.80067498  381.14259208
2749023437500.00   3.67099567   0.01500000   13.47598422    0.11012987  16.84271764   0.00000184   0.00000335 429.58191160  381.84612893
2753906250000.00   3.67099567   0.01500000   13.47598422    0.11012987  16.87263365   0.00000179   0.00000327 430.36328212  382.54969912
2758789062500.00   3.67099567   0.01500000   13.47598422    0.11012987  16.90254967   0.00000174   0.00000320 431.14478919  383.25330148
2763671875000.00   3.67099567   0.01500000   13.47598422    0.11012987  16.93246569   0.00000170   0.00000312 431.92643572  383.95693503
2768554687500.00   3.67099567   0.01500000   13.47598422    0.11012987  16.96238170   0.00000165   0.00000305 432.70822486  384.66059893
2773437500000.00   3.67099567   0.01000000   13.47610922    0.07341991  11.32819848   0.00000161   0.00000298 433.49016002  385.36429248
2778320312500.00   3.67099567   0.01000000   13.47610922    0.07341991  11.34814249   0.00000157   0.00000291 434.27224490  386.06801510
2783203125000.00   3.67099567   0.01000000   13.47610922    0.07341991  11.36808650   0.00000153   0.00000284 435.05448350  386.77176635
2788085937500.00   3.67099567   0.01000000   13.47610922    0.07341991  11.38803052   0.00000148   0.00000277 435.83688014  387.47554582
2792968750000.00   3.67099567   0.01000000   13.47610922    0.07341991  11.40797453   0.00000144   0.00000271 436.61943944  388.17935321
2797851562500.00   3.67099567   0.01000000   13.47610922    0.07341991  11.42791854   0.00000140   0.00000264 437.40216640  388.88318822
2802734375000.00   3.67099567   0.01000000   13.47610922    0.07341991  11.44786255   0.00000136   0.00000258 438.18506636  389.58705059
2807617187500.00   3.66666667   0.02000000   13.44404444    0.14666667  22.90856641   0.00000132   0.00000252 438.96814504  390.29094001
2812500000000.00   3.66666667   0.02000000   13.44404444    0.14666667  22.94840739   0.00000128   0.00000245 439.75140855  390.99485617
2817382812500.00   3.66666667   0.02000000   13.44404444    0.14666667  22.98824838   0.00000125   0.00000239 440.53486342  391.69879864
2822265625000.00   3.66666667   0.02000000   13.44404444    0.14666667  23.02808936   0.00000121   0.00000233 441.31851657  392.40276692
2827148437500.00   3.66666667   0.02000000   13.44404444    0.14666667  23.06793035   0.00000117   0.00000228 442.10237537  393.10676035
2832031250000.00   3.66666667   0.02000000   13.44404444    0.14666667  23.10777133   0.00000114   0.00000222 442.88644761  393.81077812
2836914062500.00   3.66666667   0.02000000   13.44404444    0.14666667  23.14761232   0.00000110   0.00000216 443.67074155  394.51481920
2841796875000.00   3.66666667   0.02000000   13.44404444    0.14666667  23.18745330   0.00000107   0.00000211 444.45526587  395.21888233
2846679687500.00   3.66666667   0.01000000   13.44434444    0.07333333  11.61364714   0.00000104   0.00000205 445.24002973  395.92296599
2851562500000.00   3.66666667   0.01000000   13.44434444    0.07333333  11.63356764   0.00000100   0.00000200 446.02504271  396.62706837
2856445312500.00   3.66666667   0.01500000   13.44421944    0.11000000  17.48023219   0.00000097   0.00000195 446.81031486  397.33118729
2861328125000.00   3.66666667   0.01500000   13.44421944    0.11000000  17.51011293   0.00000094   0.00000190 447.59585663  398.03532025
2866210937500.00   3.66666667   0.01500000   13.44421944    0.11000000  17.53999367   0.00000091   0.00000185 448.38167891  398.73946434
2871093750000.00   3.66666667   0.01500000   13.44421944    0.11000000  17.56987441   0.00000088   0.00000180 449.16779296  399.44361622
2875976562500.00   3.66666667   0.01500000   13.44421944    0.11000000  17.59975515   0.00000085   0.00000175 449.95421039  400.14777209
2880859375000.00   3.66666667   0.01500000   13.44421944    0.11000000  17.62963589   0.00000082   0.00000170 450.74094315  400.85192771
2885742187500.00   3.66666667   0.01500000   13.44421944    0.11000000  17.65951663   0.00000079   0.00000166 451.52800342  401.55607831
2890625000000.00   3.66666667   0.01500000   13.44421944    0.11000000  17.68939737   0.00000077   0.00000161 452.31540360  402.26021860
2895507812500.00   3.66666667   0.01500000   13.44421944    0.11000000  17.71927810   0.00000074   0.00000157 453.10315620  402.96434277
2900390625000.00   3.66666667   0.01500000   13.44421944    0.11000000  17.74915884   0.00000072   0.00000152 453.89127378  403.66844443
2905273437500.00   3.66666667   0.01500000   13.44421944    0.11000000  17.77903958   0.00000069   0.00000148 454.67976881  404.37251664
2910156250000.00   3.66666667   0.01500000   13.44421944    0.11000000  17.80892032   0.00000067   0.00000144 455.46865360  405.07655186
2915039062500.00   3.66666667   0.01500000   13.44421944    0.11000000  17.83880106   0.00000064   0.00000140 456.25794011  405.78054199
2919921875000.00   3.66666667   0.01500000   13.44421944    0.11000000  17.86868180   0.00000062   0.00000136 457.04763983  406.48447832
2924804687500.00   3.66666667   0.02000000   13.44404444    0.14666667  23.86475005   0.00000060   0.00000132 457.83776357  407.18835156
2929687500000.00   3.66666667   0.02000000   13.44404444    0.14666667  23.90459104   0.00000058   0.00000129 458.62832132  407.89215185
2934570312500.00   3.66666667   0.02000000   13.44404444    0.14666667  23.94443202   0.00000056   0.00000125 459.41932198  408.59586871
2939453125000.00   3.66666667   0.02000000   13.44404444    0.14666667  23.98427301   0.00000054   0.00000121 460.21077313  409.29949114
2944335937500.00   3.66666667   0.02000000   13.44404444    0.14666667  24.02411399   0.00000052   0.00000118 461.00268082  410.00300757
2949218750000.00   3.66666667   0.02000000   13.44404444    0.14666667  24.06395498   0.00000050   0.00000114 461.79504924  410.70640587
2954101562500.00   3.66666667   0.02000000   13.44404444    0.14666667  24.10379596   0.00000048   0.00000111 462.58788049  411.40967342
2958984375000.00   3.66666667   0.03000000   13.44354444    0.22000000  36.21545542   0.00000046   0.00000108 463.38117424  412.11279708
2963867187500.00   3.66666667   0.03000000   13.44354444    0.22000000  36.27521690   0.00000044   0.00000105 464.17492745  412.81576325
2968750000000.00   3.66666667   0.03000000   13.44354444    0.22000000  36.33497837   0.00000043   0.00000101 464.96913405  413.51855786
2973632812500.00   3.66666667   0.03000000   13.44354444    0.22000000  36.39473985   0.00000041   0.00000098 465.76378468  414.22116643
2978515625000.00   3.66666667   0.03000000   13.44354444    0.22000000  36.45450133   0.00000040   0.00000095 466.55886637  414.92357403
2983398437500.00   3.66666667   0.03000000   13.44354444    0.22000000  36.51426281   0.00000038   0.00000093 467.35436233  415.62576540
2988281250000.00   3.67099567   0.02000000   13.47580922    0.14683983  24.41146997   0.00000037   0.00000090 468.15025171  416.32772487
2993164062500.00   3.67099567   0.02000000   13.47580922    0.14683983  24.45135799   0.00000036   0.00000087 468.94650941  417.02943644
2998046875000.00   3.67099567   0.02000000   13.47580922    0.14683983  24.49124601   0.00000034   0.00000084 469.74310602  417.73088378
3002929687500.00   3.67099567   0.02000000   13.47580922    0.14683983  24.53113403   0.00000033   0.00000082 470.54000773  418.43205022
