Frequency(Hz) Real_refrac Imag_refrac Real_diel Imag_diel Real_cond AmplitudeSample AmplitudeRef PhaseSample PhaseRef
302734375000.00   3.32467532   2.11000000    6.60136601   14.03012987 236.29363678   0.00000023   0.00002241  46.54633827   42.26204036
307617187500.00   3.32034632   2.08000000    6.69829969   13.81264069 236.38282037   0.00000024   0.00002281  47.28016530   42.92340660
312500000000.00   3.32034632   2.05000000    6.82219969   13.61341991 236.67144409   0.00000024   0.00002322  48.01372843   43.58480632
317382812500.00   3.31168831   2.02500000    6.86665447   13.41233766 236.81896627   0.00000024   0.00002362  48.74703458   44.24624279
322265625000.00   3.31168831   1.99500000    6.98725447   13.21363636 236.89993002   0.00000025   0.00002403  49.48008974   44.90771913
327148437500.00   3.30735931   1.97000000    7.05772559   13.03099567 237.16524652   0.00000025   0.00002444  50.21289900   45.56923827
332031250000.00   3.30303030   1.94500000    7.12698418   12.84878788 237.33933328   0.00000026   0.00002485  50.94546661   46.23080302
336914062500.00   3.29870130   1.92000000    7.19503026   12.66701299 237.42254308   0.00000026   0.00002526  51.67779594   46.89241603
341796875000.00   3.29870130   1.89000000    7.30933026   12.46909091 237.09995810   0.00000026   0.00002568  52.40988959   47.55407979
346679687500.00   3.29437229   1.87000000    7.35598881   12.32095238 237.63000313   0.00000027   0.00002609  53.14174940   48.21579669
351562500000.00   3.30735931   1.81500000    7.64440059   12.00571429 234.81138280   0.00000027   0.00002651  53.87337651   48.87756895
356445312500.00   3.30303030   1.80500000    7.65198418   11.92393939 236.45106041   0.00000028   0.00002692  54.60477141   49.53939869
361328125000.00   3.30303030   1.77500000    7.75938418   11.72575758 235.70634679   0.00000028   0.00002734  55.33593401   50.20128787
366210937500.00   3.29870130   1.75500000    7.80140526   11.57844156 235.89026444   0.00000028   0.00002776  56.06686366   50.86323837
371093750000.00   3.29437229   1.73500000    7.84266381   11.43147186 236.00129708   0.00000029   0.00002818  56.79755929   51.52525192
375976562500.00   3.29004329   1.71000000    7.90028485   11.25194805 235.35156446   0.00000029   0.00002861  57.52801940   52.18733014
380859375000.00   3.28571429   1.69000000    7.93981837   11.10571429 235.30965382   0.00000030   0.00002903  58.25824219   52.84947454
385742187500.00   3.28138528   1.67000000    7.97858936   10.95982684 235.19572835   0.00000030   0.00002945  58.98822563   53.51168651
390625000000.00   3.27705628   1.65000000    8.01659784   10.81428571 235.01007031   0.00000030   0.00002988  59.71796750   54.17396735
395507812500.00   3.27272727   1.63500000    8.03751880   10.70181818 235.47306300   0.00000031   0.00003030  60.44746553   54.83631823
400390625000.00   3.26839827   1.61500000    8.07420224   10.55692641 235.15271232   0.00000031   0.00003073  61.17671743   55.49874023
405273437500.00   3.26406926   1.60000000    8.09414816   10.44502165 235.49738153   0.00000032   0.00003116  61.90572103   56.16123432
410156250000.00   3.25974026   1.58000000    8.12950656   10.30077922 235.04337304   0.00000032   0.00003159  62.63447432   56.82380137
415039062500.00   3.25974026   1.56500000    8.17668156   10.20298701 235.58351943   0.00000033   0.00003201  63.36297558   57.48644217
419921875000.00   3.25541126   1.55000000    8.19520244   10.09177489 235.75702998   0.00000033   0.00003244  64.09122345   58.14915739
424804687500.00   3.25541126   1.53000000    8.25680244    9.96155844 235.42099220   0.00000033   0.00003287  64.81921701   58.81194761
429687500000.00   3.24675325   1.51500000    8.24618165    9.83766234 235.16529492   0.00000034   0.00003330  65.54695592   59.47481335
434570312500.00   3.24675325   1.50000000    8.29140665    9.74025974 235.48279982   0.00000034   0.00003373  66.27444045   60.13775500
439453125000.00   3.24242424   1.48500000    8.30808997    9.63000000 235.43305739   0.00000035   0.00003416  67.00167161   60.80077288
444335937500.00   3.23809524   1.47000000    8.32436077    9.52000000 235.32983302   0.00000035   0.00003459  67.72865123   61.46386725
449218750000.00   3.23376623   1.45500000    8.34021905    9.41025974 235.17333838   0.00000036   0.00003502  68.45538203   62.12703826
454101562500.00   3.22943723   1.44000000    8.35566482    9.30077922 234.96378515   0.00000036   0.00003545  69.18186768   62.79028599
458984375000.00   3.22943723   1.42000000    8.41286482    9.17160173 234.19180138   0.00000036   0.00003588  69.90811293   63.45361046
463867187500.00   3.22943723   1.40000000    8.46926482    9.04242424 233.34963728   0.00000037   0.00003631  70.63412360   64.11701161
468750000000.00   3.22077922   1.39500000    8.42739379    8.98597403 234.33385543   0.00000037   0.00003674  71.35990668   64.78048929
473632812500.00   3.21645022   1.38500000    8.42732699    8.90956710 234.76155805   0.00000038   0.00003717  72.08547036   65.44404332
478515625000.00   3.21645022   1.36000000    8.49595199    8.74874459 232.90052072   0.00000038   0.00003759  72.81082407   66.10767344
483398437500.00   3.21212121   1.35000000    8.49522268    8.67272727 233.23274844   0.00000039   0.00003802  73.53597847   66.77137933
488281250000.00   3.21212121   1.32500000    8.56209768    8.51212121 231.22588229   0.00000039   0.00003845  74.26094549   67.43516061
493164062500.00   3.20779221   1.31000000    8.57383085    8.40441558 230.58313478   0.00000040   0.00003887  74.98573832   68.09901687
498046875000.00   3.20346320   1.30000000    8.57217650    8.32900433 230.77667166   0.00000040   0.00003930  75.71037135   68.76294762
502929687500.00   3.19913420   1.28500000    8.58323462    8.22177489 230.03899018   0.00000041   0.00003972  76.43486015   69.42695235
507812500000.00   3.19480519   1.27500000    8.58115523    8.14675325 230.15295092   0.00000041   0.00004014  77.15922143   70.09103050
512695312500.00   3.19047619   1.26000000    8.59153832    8.04000000 229.32108809   0.00000042   0.00004056  77.88347294   70.75518145
517578125000.00   3.18614719   1.25000000    8.58903389    7.96536797 229.35613122   0.00000043   0.00004098  78.60763339   71.41940457
522460937500.00   3.18181818   1.24000000    8.58636694    7.89090909 229.35566084   0.00000043   0.00004140  79.33172235   72.08369919
527343750000.00   3.17748918   1.22500000    8.59581247    7.78484848 228.38762369   0.00000044   0.00004181  80.05576013   72.74806461
532226562500.00   3.17748918   1.21500000    8.62021247    7.72129870 228.62067228   0.00000044   0.00004223  80.77976765   73.41250011
537109375000.00   3.17316017   1.20000000    8.62894548    7.61558442 227.55928868   0.00000045   0.00004264  81.50376630   74.07700493
541992187500.00   3.16883117   1.19000000    8.62539098    7.54181818 227.40378184   0.00000046   0.00004305  82.22777782   74.74157831
546875000000.00   3.16450216   1.18000000    8.62167395    7.46822511 227.21346705   0.00000046   0.00004346  82.95182409   75.40621947
551757812500.00   3.16017316   1.17000000    8.61779440    7.39480519 226.98848543   0.00000047   0.00004386  83.67592703   76.07092762
556640625000.00   3.16017316   1.15500000    8.65266940    7.30000000 226.06137113   0.00000048   0.00004427  84.40010841   76.73570194
561523437500.00   3.15584416   1.14500000    8.64832734    7.22688312 225.76027065   0.00000049   0.00004467  85.12438971   77.40054164
566406250000.00   3.15151515   1.13500000    8.64382275    7.15393939 225.42490316   0.00000049   0.00004507  85.84879197   78.06544590
571289062500.00   3.14718615   1.12500000    8.63915565    7.08116883 225.05540977   0.00000050   0.00004547  86.57333566   78.73041390
576171875000.00   3.14285714   1.11500000    8.63432602    7.00857143 224.65193161   0.00000051   0.00004586  87.29804050   79.39544484
581054687500.00   3.14285714   1.10500000    8.65652602    6.94571429 224.52387130   0.00000052   0.00004626  88.02292541   80.06053792
585937500000.00   3.13852814   1.09500000    8.65133388    6.87337662 224.05262347   0.00000053   0.00004665  88.74800832   80.72569233
590820312500.00   3.13852814   1.08000000    8.68395888    6.77922078 222.82493786   0.00000054   0.00004703  89.47330615   81.39090731
595703125000.00   3.13419913   1.07500000    8.66757921    6.73852814 223.31789362   0.00000055   0.00004742  90.19883467   82.05618207
600585937500.00   3.13419913   1.06000000    8.69960421    6.64450216 222.00676302   0.00000056   0.00004780  90.92460847   82.72151586
605468750000.00   3.12987013   1.05500000    8.68306203    6.60402597 222.44830650   0.00000057   0.00004818  91.65064089   83.38690796
610351562500.00   3.13419913   1.02500000    8.77257921    6.42510823 218.16702340   0.00000058   0.00004856  92.37694401   84.05235765
615234375000.00   3.12987013   1.02000000    8.75568703    6.38493506 218.53735171   0.00000059   0.00004893  93.10352858   84.71786423
620117187500.00   3.12987013   1.00500000    8.78606203    6.29103896 217.03248433   0.00000060   0.00004930  93.83040408   85.38342705
625000000000.00   3.12554113   0.99500000    8.77898233    6.21982684 216.26533369   0.00000061   0.00004967  94.55757866   86.04904545
629882812500.00   3.12554113   0.98500000    8.79878233    6.15731602 215.76440504   0.00000062   0.00005003  95.28505922   86.71471884
634765625000.00   3.12121212   0.97500000    8.79134011    6.08636364 214.93141330   0.00000063   0.00005039  96.01285140   87.38044663
639648437500.00   3.12121212   0.96500000    8.81074011    6.02393939 214.36335000   0.00000064   0.00005075  96.74095963   88.04622827
644531250000.00   3.11688312   0.95500000    8.80293536    5.95324675 213.46489345   0.00000065   0.00005111  97.46938718   88.71206324
649414062500.00   3.11688312   0.95000000    8.81246036    5.92207792 213.95596769   0.00000066   0.00005146  98.19813622   89.37795106
654296875000.00   3.11255411   0.94000000    8.80439310    5.85160173 212.99931367   0.00000068   0.00005181  98.92720785   90.04389128
659179687500.00   3.11255411   0.93000000    8.82309310    5.78935065 212.30600057   0.00000069   0.00005215  99.65660222   90.70988349
664062500000.00   3.11255411   0.92000000    8.84159310    5.72709957 211.57886731   0.00000070   0.00005249 100.38631854   91.37592730
668945312500.00   3.10822511   0.91500000    8.82383832    5.68805195 211.68143316   0.00000071   0.00005283 101.11635517   92.04202237
673828125000.00   3.10822511   0.90500000    8.84203832    5.62588745 210.89620826   0.00000072   0.00005317 101.84670971   92.70816839
678710937500.00   3.10822511   0.90000000    8.85106332    5.59480519 211.25082596   0.00000074   0.00005350 102.57737905   93.37436510
683593750000.00   3.10822511   0.89000000    8.86896332    5.53264069 210.40649812   0.00000075   0.00005383 103.30835942   94.04061226
688476562500.00   3.10822511   0.88000000    8.88666332    5.47047619 209.52839716   0.00000076   0.00005415 104.03964650   94.70690967
693359375000.00   3.10822511   0.87000000    8.90416332    5.40831169 208.61652309   0.00000078   0.00005447 104.77123546   95.37325717
698242187500.00   3.10389610   0.86500000    8.88594602    5.36974026 208.58734792   0.00000079   0.00005479 105.50312104   96.03965464
703125000000.00   3.10389610   0.86000000    8.89457102    5.33870130 208.83186197   0.00000080   0.00005511 106.23529756   96.70610198
708007812500.00   3.10389610   0.85000000    8.91167102    5.27662338 207.83694273   0.00000082   0.00005542 106.96775907   97.37259913
712890625000.00   3.10389610   0.84000000    8.92857102    5.21454545 206.80829742   0.00000083   0.00005572 107.70049932   98.03914608
717773437500.00   3.10389610   0.83500000    8.93694602    5.18350649 206.98535931   0.00000085   0.00005603 108.43351185   98.70574283
722656250000.00   3.10389610   0.82500000    8.95354602    5.12142857 205.89769337   0.00000086   0.00005633 109.16679002   99.37238941
727539062500.00   3.10389610   0.81500000    8.96994602    5.05935065 204.77630134   0.00000087   0.00005662 109.90032710  100.03908591
732421875000.00   3.10389610   0.81000000    8.97807102    5.02831169 204.88591109   0.00000089   0.00005691 110.63411624  100.70583240
737304687500.00   3.10389610   0.80000000    8.99417102    4.96623377 203.70549843   0.00000090   0.00005720 111.36815056  101.37262903
742187500000.00   3.10389610   0.79000000    9.01007102    4.90415584 202.49135970   0.00000092   0.00005749 112.10242318  102.03947593
747070312500.00   3.10389610   0.78500000    9.01794602    4.87311688 202.53351730   0.00000093   0.00005777 112.83692723  102.70637329
751953125000.00   3.10389610   0.77000000    9.04127102    4.78000000 199.96190401   0.00000095   0.00005804 113.57165588  103.37332129
756835937500.00   3.10389610   0.76500000    9.04894602    4.74896104 199.95347249   0.00000096   0.00005832 114.30660241  104.04032015
761718750000.00   3.10389610   0.75500000    9.06414602    4.68688312 198.61286097   0.00000098   0.00005859 115.04176017  104.70737010
766601562500.00   3.10389610   0.75000000    9.07167102    4.65584416 198.56227186   0.00000099   0.00005885 115.77712264  105.37447139
771484375000.00   3.10389610   0.74500000    9.07914602    4.62480519 198.49481971   0.00000100   0.00005911 116.51268345  106.04162428
776367187500.00   3.10389610   0.74000000    9.08657102    4.59376623 198.41050452   0.00000102   0.00005937 117.24843636  106.70882905
781250000000.00   3.10389610   0.73000000    9.10127102    4.53168831 196.96028325   0.00000103   0.00005963 117.98437532  107.37608598
786132812500.00   3.10389610   0.72500000    9.10854602    4.50064935 196.83381047   0.00000105   0.00005988 118.72049446  108.04339537
791015625000.00   3.10389610   0.72000000    9.11577102    4.46961039 196.69047465   0.00000106   0.00006012 119.45678809  108.71075751
795898437500.00   3.09956710   0.71500000    9.09609120    4.43238095 196.25617498   0.00000108   0.00006036 120.19325074  109.37817270
800781250000.00   3.09956710   0.71000000    9.10321620    4.40138528 196.07936003   0.00000109   0.00006060 120.92987713  110.04564125
805664062500.00   3.09956710   0.70500000    9.11029120    4.37038961 195.88570556   0.00000111   0.00006083 121.66666220  110.71316347
810546875000.00   3.09956710   0.70000000    9.11731620    4.33939394 195.67521157   0.00000112   0.00006106 122.40360109  111.38073964
815429687500.00   3.10389610   0.69500000    9.15114602    4.31441558 195.72084996   0.00000114   0.00006128 123.14068919  112.04837007
820312500000.00   3.10389610   0.69000000    9.15807102    4.28337662 195.47633591   0.00000115   0.00006151 123.87792209  112.71605504
825195312500.00   3.10389610   0.68500000    9.16494602    4.25233766 195.21495883   0.00000117   0.00006172 124.61529560  113.38379484
830078125000.00   3.10389610   0.68000000    9.17177102    4.22129870 194.93671870   0.00000118   0.00006193 125.35280577  114.05158972
834960937500.00   3.10389610   0.67500000    9.17854602    4.19025974 194.64161553   0.00000120   0.00006214 126.09044886  114.71943996
839843750000.00   3.10389610   0.67000000    9.18527102    4.15922078 194.32964933   0.00000121   0.00006234 126.82822135  115.38734578
844726562500.00   3.10822511   0.65500000    9.23203832    4.07177489 191.35001873   0.00000123   0.00006254 127.56611992  116.05530743
849609375000.00   3.10822511   0.65000000    9.23856332    4.04069264 190.98695776   0.00000124   0.00006273 128.30414149  116.72332510
854492187500.00   3.10822511   0.64500000    9.24503832    4.00961039 190.60701023   0.00000126   0.00006292 129.04228317  117.39139898
859375000000.00   3.10822511   0.64000000    9.25146332    3.97852814 190.21017615   0.00000127   0.00006310 129.78054227  118.05952924
864257812500.00   3.10822511   0.63500000    9.25783832    3.94744589 189.79645550   0.00000129   0.00006328 130.51891632  118.72771604
869140625000.00   3.10822511   0.62500000    9.27043832    3.88528139 187.86294475   0.00000130   0.00006346 131.25740301  119.39595949
874023437500.00   3.10822511   0.62000000    9.27666332    3.85419913 187.40700771   0.00000132   0.00006363 131.99600024  120.06425969
878906250000.00   3.10822511   0.61500000    9.28283832    3.82311688 186.93418412   0.00000133   0.00006379 132.73470609  120.73261672
883789062500.00   3.10822511   0.61500000    9.28283832    3.82311688 187.97270737   0.00000134   0.00006395 133.47351879  121.40103062
888671875000.00   3.10822511   0.61000000    9.28896332    3.79203463 187.47455394   0.00000136   0.00006411 134.21243675  122.06950142
893554687500.00   3.10822511   0.60500000    9.29503832    3.76095238 186.95951396   0.00000137   0.00006426 134.95145854  122.73802909
898437500000.00   3.10822511   0.60000000    9.30106332    3.72987013 186.42758742   0.00000139   0.00006440 135.69058288  123.40661362
903320312500.00   3.10822511   0.59500000    9.30703832    3.69878788 185.87877432   0.00000140   0.00006454 136.42980862  124.07525493
908203125000.00   3.11255411   0.59000000    9.33989310    3.67281385 185.57117087   0.00000142   0.00006467 137.16913476  124.74395293
913085937500.00   3.11255411   0.59000000    9.33989310    3.67281385 186.56886534   0.00000143   0.00006480 137.90856042  125.41270748
917968750000.00   3.11255411   0.58500000    9.34576810    3.64168831 185.97701269   0.00000145   0.00006492 138.64808482  126.08151844
922851562500.00   3.11255411   0.58000000    9.35159310    3.61056277 185.36824996   0.00000146   0.00006504 139.38770732  126.75038563
927734375000.00   3.11255411   0.58000000    9.35159310    3.61056277 186.34903435   0.00000147   0.00006516 140.12742736  127.41930881
932617187500.00   3.11255411   0.57500000    9.35736810    3.57943723 185.71490651   0.00000149   0.00006526 140.86724448  128.08828775
937500000000.00   3.11688312   0.56500000    9.39573536    3.52207792 183.69563415   0.00000150   0.00006536 141.60715831  128.75732218
942382812500.00   3.11688312   0.56000000    9.40136036    3.49090909 183.01829037   0.00000152   0.00006546 142.34716856  129.42641178
947265625000.00   3.11688312   0.56000000    9.40136036    3.49090909 183.96657167   0.00000153   0.00006555 143.08727499  130.09555622
952148437500.00   3.11688312   0.55500000    9.40693536    3.45974026 183.26382749   0.00000154   0.00006564 143.82747745  130.76475514
957031250000.00   3.11688312   0.55500000    9.40693536    3.45974026 184.20364199   0.00000156   0.00006571 144.56777583  131.43400815
961914062500.00   3.11688312   0.55500000    9.40693536    3.45974026 185.14345649   0.00000157   0.00006579 145.30817007  132.10331482
966796875000.00   3.12121212   0.53500000    9.45574011    3.33969697 179.62670304   0.00000159   0.00006586 146.04866016  132.77267472
971679687500.00   3.12121212   0.53000000    9.46106511    3.30848485 178.84667582   0.00000160   0.00006592 146.78924610  133.44208737
976562500000.00   3.12121212   0.53000000    9.46106511    3.30848485 179.74540284   0.00000161   0.00006597 147.52992796  134.11155227
981445312500.00   3.12121212   0.52500000    9.46634011    3.27727273 178.93993995   0.00000163   0.00006602 148.27070579  134.78106890
986328125000.00   3.12121212   0.52000000    9.47156511    3.24606061 178.11751994   0.00000164   0.00006607 149.01157969  135.45063673
991210937500.00   3.12121212   0.52000000    9.47156511    3.24606061 178.99928984   0.00000165   0.00006611 149.75254975  136.12025517
996093750000.00   3.12121212   0.51500000    9.47674011    3.21484848 178.15143417   0.00000167   0.00006614 150.49361609  136.78992366
1000976562500.00   3.12121212   0.51500000    9.47674011    3.21484848 179.02472551   0.00000168   0.00006617 151.23477880  137.45964157
1005859375000.00   3.12121212   0.51000000    9.48186511    3.18363636 178.15143417   0.00000170   0.00006619 151.97603800  138.12940828
1010742187500.00   3.12554113   0.50500000    9.51398233    3.15679654 177.50704034   0.00000171   0.00006620 152.71739378  138.79922316
1015625000000.00   3.12121212   0.50500000    9.48694011    3.15242424 178.11751994   0.00000172   0.00006621 153.45884624  139.46908553
1020507812500.00   3.12554113   0.50000000    9.51900733    3.12554113 177.44760813   0.00000174   0.00006622 154.20039545  140.13899473
1025390625000.00   3.12554113   0.49500000    9.52398233    3.09428571 176.51367335   0.00000175   0.00006621 154.94204148  140.80895007
1030273437500.00   3.12554113   0.49500000    9.52398233    3.09428571 177.35421465   0.00000176   0.00006621 155.68378436  141.47895084
1035156250000.00   3.12554113   0.49000000    9.52890733    3.06303030 176.39480892   0.00000177   0.00006619 156.42562412  142.14899634
1040039062500.00   3.12554113   0.49000000    9.52890733    3.06303030 177.22685991   0.00000179   0.00006617 157.16756076  142.81908584
1044921875000.00   3.12554113   0.48500000    9.53378233    3.03177489 176.24198323   0.00000180   0.00006615 157.90959425  143.48921862
1049804687500.00   3.12554113   0.48500000    9.53378233    3.03177489 177.06554390   0.00000181   0.00006612 158.65172454  144.15939393
1054687500000.00   3.12987013   0.47500000    9.57046203    2.97337662 174.46259170   0.00000183   0.00006608 159.39395154  144.82961105
1059570312500.00   3.12987013   0.47000000    9.57518703    2.94207792 173.42533848   0.00000184   0.00006604 160.13627516  145.49986921
1064453125000.00   3.12987013   0.47000000    9.57518703    2.94207792 174.22453358   0.00000185   0.00006599 160.87869525  146.17016767
1069335937500.00   3.12987013   0.47000000    9.57518703    2.94207792 175.02372869   0.00000187   0.00006593 161.62121164  146.84050567
1074218750000.00   3.12987013   0.46500000    9.57986203    2.91077922 173.95246716   0.00000188   0.00006587 162.36382415  147.51088248
1079101562500.00   3.13419913   0.45500000    9.61617921    2.85212121 171.22173689   0.00000189   0.00006581 163.10653254  148.18129733
1083984375000.00   3.13419913   0.45000000    9.62070421    2.82077922 170.10642449   0.00000190   0.00006574 163.84933655  148.85174948
1088867187500.00   3.13419913   0.45000000    9.62070421    2.82077922 170.87266965   0.00000192   0.00006566 164.59223591  149.52223819
1093750000000.00   3.13419913   0.44500000    9.62517921    2.78943723 169.73181575   0.00000193   0.00006558 165.33523030  150.19276271
1098632812500.00   3.13419913   0.44500000    9.62517921    2.78943723 170.48954707   0.00000194   0.00006549 166.07831937  150.86332231
1103515625000.00   3.13419913   0.44000000    9.62960421    2.75809524 169.32315167   0.00000195   0.00006540 166.82150275  151.53391626
1108398437500.00   3.13419913   0.44000000    9.62960421    2.75809524 170.07236915   0.00000197   0.00006530 167.56478004  152.20454384
1113281250000.00   3.13419913   0.43500000    9.63397921    2.72675325 168.88043224   0.00000198   0.00006520 168.30815083  152.87520435
1118164062500.00   3.13419913   0.43500000    9.63397921    2.72675325 169.62113589   0.00000199   0.00006509 169.05161465  153.54589708
1123046875000.00   3.13852814   0.43000000    9.66545888    2.69913420 168.63625922   0.00000200   0.00006498 169.79517103  154.21662135
1127929687500.00   3.13419913   0.43000000    9.63830421    2.69541126 169.13584730   0.00000202   0.00006486 170.53881947  154.88737648
1132812500000.00   3.13852814   0.42500000    9.66973388    2.66774892 168.12472355   0.00000203   0.00006474 171.28255945  155.55816180
1137695312500.00   3.13852814   0.42500000    9.66973388    2.66774892 168.84939908   0.00000204   0.00006461 172.02639043  156.22897667
1142578125000.00   3.13852814   0.42000000    9.67395888    2.63636364 167.57908550   0.00000205   0.00006448 172.77031182  156.89982045
1147460937500.00   3.13852814   0.42000000    9.67395888    2.63636364 168.29523544   0.00000206   0.00006434 173.51432306  157.57069253
1152343750000.00   3.13852814   0.42000000    9.67395888    2.63636364 169.01138538   0.00000208   0.00006420 174.25842352  158.24159230
1157226562500.00   3.14285714   0.41000000    9.70945102    2.57714286 165.91493649   0.00000209   0.00006405 175.00261258  158.91251918
1162109375000.00   3.13852814   0.41500000    9.67813388    2.60497835 168.41459376   0.00000210   0.00006390 175.74688960  159.58347259
1166992187500.00   3.14285714   0.40500000    9.71352602    2.54571429 165.27463495   0.00000211   0.00006375 176.49125392  160.25445200
1171875000000.00   3.14285714   0.40500000    9.71352602    2.54571429 165.96616061   0.00000212   0.00006359 177.23570485  160.92545687
1176757812500.00   3.14285714   0.40500000    9.71352602    2.54571429 166.65768628   0.00000213   0.00006342 177.98024170  161.59648669
1181640625000.00   3.14718615   0.39500000    9.74875565    2.48627706 163.44194963   0.00000215   0.00006326 178.72486376  162.26754096
1186523437500.00   3.14718615   0.39000000    9.75268065    2.45480519 162.03989504   0.00000216   0.00006309 179.46957030  162.93861923
1191406250000.00   3.14718615   0.39000000    9.75268065    2.45480519 162.70672588   0.00000217   0.00006291 180.21436057  163.60972104
1196289062500.00   3.14718615   0.38500000    9.75655565    2.42333333 161.27902395   0.00000218   0.00006273 180.95923382  164.28084595
1201171875000.00   3.14718615   0.38500000    9.75655565    2.42333333 161.93730568   0.00000219   0.00006255 181.70418928  164.95199357
1206054687500.00   3.14718615   0.38000000    9.76038065    2.39186147 160.48395640   0.00000220   0.00006236 182.44922616  165.62316351
1210937500000.00   3.14718615   0.38000000    9.76038065    2.39186147 161.13368902   0.00000221   0.00006217 183.19434366  166.29435540
1215820312500.00   3.14718615   0.38000000    9.76038065    2.39186147 161.78342164   0.00000223   0.00006198 183.93954096  166.96556890
1220703125000.00   3.14718615   0.37500000    9.76415565    2.36038961 160.29587591   0.00000224   0.00006178 184.68481724  167.63680370
1225585937500.00   3.14718615   0.37500000    9.76415565    2.36038961 160.93705941   0.00000225   0.00006159 185.43017166  168.30805950
1230468750000.00   3.15151515   0.37000000    9.79514775    2.33212121 159.64315639   0.00000226   0.00006138 186.17560335  168.97933602
1235351562500.00   3.15151515   0.37000000    9.79514775    2.33212121 160.27666098   0.00000227   0.00006118 186.92111146  169.65063301
1240234375000.00   3.15151515   0.36500000    9.79882275    2.30060606 158.73570387   0.00000228   0.00006097 187.66669508  170.32195024
1245117187500.00   3.15151515   0.36500000    9.79882275    2.30060606 159.36064759   0.00000229   0.00006076 188.41235333  170.99328751
1250000000000.00   3.15151515   0.36500000    9.79882275    2.30060606 159.98559131   0.00000230   0.00006054 189.15808529  171.66464463
1254882812500.00   3.15151515   0.36500000    9.79882275    2.30060606 160.61053502   0.00000231   0.00006033 189.90389004  172.33602145
1259765625000.00   3.15584416   0.35500000    9.83332734    2.24064935 157.03347780   0.00000233   0.00006011 190.64976663  173.00741783
1264648437500.00   3.15584416   0.35500000    9.83332734    2.24064935 157.64213469   0.00000234   0.00005989 191.39571411  173.67883365
1269531250000.00   3.15584416   0.35500000    9.83332734    2.24064935 158.25079158   0.00000235   0.00005966 192.14173152  174.35026882
1274414062500.00   3.15584416   0.35500000    9.83332734    2.24064935 158.85944847   0.00000236   0.00005944 192.88781788  175.02172327
1279296875000.00   3.15584416   0.35500000    9.83332734    2.24064935 159.46810536   0.00000237   0.00005921 193.63397218  175.69319696
1284179687500.00   3.16017316   0.34000000    9.87109440    2.14891775 153.52326123   0.00000238   0.00005898 194.38019342  176.36468987
1289062500000.00   3.16017316   0.34000000    9.87109440    2.14891775 154.10699987   0.00000239   0.00005875 195.12648059  177.03620200
1293945312500.00   3.16017316   0.33500000    9.87446940    2.11731602 152.41587470   0.00000240   0.00005852 195.87283265  177.70773336
1298828125000.00   3.16017316   0.33500000    9.87446940    2.11731602 152.99102895   0.00000241   0.00005828 196.61924855  178.37928401
1303710937500.00   3.16017316   0.33500000    9.87446940    2.11731602 153.56618319   0.00000242   0.00005804 197.36572724  179.05085402
1308593750000.00   3.16017316   0.33000000    9.87779440    2.08571429 151.84072046   0.00000243   0.00005780 198.11226766  179.72244347
1313476562500.00   3.16017316   0.33000000    9.87779440    2.08571429 152.40729031   0.00000244   0.00005756 198.85886874  180.39405249
1318359375000.00   3.16450216   0.32500000    9.90844895    2.05692641 150.86245259   0.00000245   0.00005732 199.60552938  181.06568121
1323242187500.00   3.16017316   0.32500000    9.88106940    2.05411255 151.21405986   0.00000246   0.00005708 200.35224851  181.73732980
1328125000000.00   3.16450216   0.32500000    9.90844895    2.05692641 151.97995224   0.00000247   0.00005684 201.09902502  182.40899845
1333007812500.00   3.16450216   0.32000000    9.91167395    2.02528139 150.19195280   0.00000248   0.00005659 201.84585783  183.08068735
1337890625000.00   3.16450216   0.32000000    9.91167395    2.02528139 150.74210647   0.00000249   0.00005635 202.59274582  183.75239676
1342773437500.00   3.16450216   0.32000000    9.91167395    2.02528139 151.29226014   0.00000250   0.00005610 203.33968790  184.42412692
1347656250000.00   3.16450216   0.32000000    9.91167395    2.02528139 151.84241382   0.00000251   0.00005585 204.08668296  185.09587811
1352539062500.00   3.16883117   0.31500000    9.94226598    1.99636364 150.21664762   0.00000252   0.00005560 204.83372991  185.76765065
1357421875000.00   3.16883117   0.31500000    9.94226598    1.99636364 150.75894599   0.00000253   0.00005535 205.58082764  186.43944487
1362304687500.00   3.16883117   0.31000000    9.94539098    1.96467532 148.89963730   0.00000254   0.00005510 206.32797508  187.11126112
1367187500000.00   3.16883117   0.31500000    9.94226598    1.99636364 151.84354272   0.00000255   0.00005485 207.07517114  187.78309978
1372070312500.00   3.17316017   0.30000000    9.97894548    1.90389610 145.32763664   0.00000256   0.00005460 207.82241476  188.45496128
1376953125000.00   3.17316017   0.30000000    9.97894548    1.90389610 145.84481684   0.00000257   0.00005435 208.56970489  189.12684603
1381835937500.00   3.17316017   0.30000000    9.97894548    1.90389610 146.36199704   0.00000258   0.00005410 209.31704049  189.79875450
1386718750000.00   3.17316017   0.30000000    9.97894548    1.90389610 146.87917724   0.00000258   0.00005385 210.06442054  190.47068718
1391601562500.00   3.17748918   0.29500000   10.00941247    1.87471861 145.13748648   0.00000259   0.00005360 210.81184407  191.14264458
1396484375000.00   3.17748918   0.29000000   10.01233747    1.84294372 143.17815199   0.00000260   0.00005334 211.55931009  191.81462726
1401367187500.00   3.17748918   0.29000000   10.01233747    1.84294372 143.67877490   0.00000261   0.00005309 212.30681769  192.48663577
1406250000000.00   3.17748918   0.29000000   10.01233747    1.84294372 144.17939781   0.00000262   0.00005284 213.05436594  193.15867073
1411132812500.00   3.17748918   0.29000000   10.01233747    1.84294372 144.68002072   0.00000263   0.00005259 213.80195399  193.83073276
1416015625000.00   3.17748918   0.28500000   10.01521247    1.81116883 142.67752908   0.00000264   0.00005234 214.54958102  194.50282253
1420898437500.00   3.17748918   0.28500000   10.01521247    1.81116883 143.16952056   0.00000264   0.00005209 215.29724622  195.17494071
1425781250000.00   3.17748918   0.28500000   10.01521247    1.81116883 143.66151204   0.00000265   0.00005184 216.04494887  195.84708804
1430664062500.00   3.17748918   0.28500000   10.01521247    1.81116883 144.15350352   0.00000266   0.00005159 216.79268828  196.51926526
1435546875000.00   3.18181818   0.28000000   10.04556694    1.78181818 142.30146217   0.00000267   0.00005134 217.54046381  197.19147315
1440429687500.00   3.17748918   0.28000000   10.01803747    1.77939394 142.59121479   0.00000268   0.00005109 218.28827488  197.86371254
1445312500000.00   3.17748918   0.28000000   10.01803747    1.77939394 143.07457484   0.00000268   0.00005084 219.03612098  198.53598425
1450195312500.00   3.18181818   0.27500000   10.04834194    1.75000000 141.18649080   0.00000269   0.00005059 219.78400166  199.20828918
1455078125000.00   3.18181818   0.27500000   10.04834194    1.75000000 141.66186619   0.00000270   0.00005034 220.53191652  199.88062823
1459960937500.00   3.18181818   0.27500000   10.04834194    1.75000000 142.13724158   0.00000271   0.00005010 221.27986525  200.55300235
1464843750000.00   3.18181818   0.27500000   10.04834194    1.75000000 142.61261697   0.00000271   0.00004985 222.02784762  201.22541250
1469726562500.00   3.18181818   0.27500000   10.04834194    1.75000000 143.08799236   0.00000272   0.00004960 222.77586347  201.89785970
1474609375000.00   3.18614719   0.26500000   10.08130889    1.68865801 138.53110326   0.00000273   0.00004936 223.52391271  202.57034498
1479492187500.00   3.18614719   0.26500000   10.08130889    1.68865801 138.98981552   0.00000273   0.00004912 224.27199535  203.24286942
1484375000000.00   3.18614719   0.26000000   10.08393389    1.65679654 136.81742348   0.00000274   0.00004887 225.02011148  203.91543412
1489257812500.00   3.18614719   0.26000000   10.08393389    1.65679654 137.26748080   0.00000275   0.00004863 225.76826128  204.58804022
1494140625000.00   3.19047619   0.25500000   10.11411332    1.62714286 135.25264175   0.00000275   0.00004839 226.51644504  205.26068889
1499023437500.00   3.19047619   0.25500000   10.11411332    1.62714286 135.69464385   0.00000276   0.00004815 227.26466312  205.93338132
1503906250000.00   3.19047619   0.25500000   10.11411332    1.62714286 136.13664594   0.00000276   0.00004792 228.01291599  206.60611875
1508789062500.00   3.19047619   0.25500000   10.11411332    1.62714286 136.57864804   0.00000277   0.00004768 228.76120423  207.27890243
1513671875000.00   3.19047619   0.25000000   10.11663832    1.59523810 134.33397072   0.00000278   0.00004744 229.50952850  207.95173367
1518554687500.00   3.19047619   0.25000000   10.11663832    1.59523810 134.76730611   0.00000278   0.00004721 230.25788958  208.62461377
1523437500000.00   3.19047619   0.25000000   10.11663832    1.59523810 135.20064150   0.00000279   0.00004698 231.00628835  209.29754408
1528320312500.00   3.19047619   0.25000000   10.11663832    1.59523810 135.63397689   0.00000279   0.00004674 231.75472581  209.97052598
1533203125000.00   3.19047619   0.25000000   10.11663832    1.59523810 136.06731228   0.00000280   0.00004651 232.50320303  210.64356087
1538085937500.00   3.19047619   0.25000000   10.11663832    1.59523810 136.50064767   0.00000280   0.00004628 233.25172124  211.31665016
1542968750000.00   3.19480519   0.24500000   10.14675523    1.56545455 134.37738658   0.00000281   0.00004606 234.00028173  211.98979532
1547851562500.00   3.19047619   0.24500000   10.11911332    1.56333333 134.61997208   0.00000281   0.00004583 234.74888592  212.66299780
1552734375000.00   3.19047619   0.24500000   10.11911332    1.56333333 135.04464076   0.00000282   0.00004560 235.49753533  213.33625910
1557617187500.00   3.19480519   0.24000000   10.14918023    1.53350649 132.88469022   0.00000282   0.00004538 236.24623160  214.00958072
1562500000000.00   3.19480519   0.24000000   10.14918023    1.53350649 133.30125664   0.00000283   0.00004516 236.99497646  214.68296419
1567382812500.00   3.19480519   0.24000000   10.14918023    1.53350649 133.71782307   0.00000283   0.00004493 237.74377174  215.35641106
1572265625000.00   3.19480519   0.24000000   10.14918023    1.53350649 134.13438950   0.00000284   0.00004471 238.49261939  216.02992287
1577148437500.00   3.19480519   0.24000000   10.14918023    1.53350649 134.55095592   0.00000284   0.00004450 239.24152143  216.70350120
1582031250000.00   3.19913420   0.23000000   10.18155962    1.47160173 129.51913829   0.00000285   0.00004428 239.99048001  217.37714762
1586914062500.00   3.19913420   0.23000000   10.18155962    1.47160173 129.91888872   0.00000285   0.00004406 240.73949734  218.05086372
1591796875000.00   3.19913420   0.23000000   10.18155962    1.47160173 130.31863914   0.00000286   0.00004385 241.48857573  218.72465108
1596679687500.00   3.19913420   0.22500000   10.18383462    1.43961039 127.87668545   0.00000286   0.00004363 242.23771759  219.39851130
1601562500000.00   3.19913420   0.22500000   10.18383462    1.43961039 128.26774565   0.00000286   0.00004342 242.98692539  220.07244598
1606445312500.00   3.19913420   0.22500000   10.18383462    1.43961039 128.65880585   0.00000287   0.00004321 243.73620169  220.74645671
1611328125000.00   3.19913420   0.22500000   10.18383462    1.43961039 129.04986605   0.00000287   0.00004300 244.48554910  221.42054508
1616210937500.00   3.19913420   0.22500000   10.18383462    1.43961039 129.44092625   0.00000288   0.00004280 245.23497033  222.09471268
1621093750000.00   3.20346320   0.22000000   10.21377650    1.40952381 127.11861311   0.00000288   0.00004259 245.98446811  222.76896109
1625976562500.00   3.19913420   0.22000000   10.18605962    1.40761905 127.32920117   0.00000288   0.00004238 246.73404525  223.44329187
1630859375000.00   3.19913420   0.22000000   10.18605962    1.40761905 127.71157114   0.00000289   0.00004218 247.48370460  224.11770659
1635742187500.00   3.19913420   0.22000000   10.18605962    1.40761905 128.09394112   0.00000289   0.00004198 248.23344905  224.79220679
1640625000000.00   3.20346320   0.22000000   10.21377650    1.40952381 128.65016266   0.00000290   0.00004177 248.98328153  225.46679400
1645507812500.00   3.20346320   0.21500000   10.21595150    1.37748918 126.10048073   0.00000290   0.00004157 249.73320498  226.14146971
1650390625000.00   3.20346320   0.21500000   10.21595150    1.37748918 126.47466613   0.00000290   0.00004137 250.48322237  226.81623543
1655273437500.00   3.20346320   0.21500000   10.21595150    1.37748918 126.84885154   0.00000291   0.00004118 251.23333670  227.49109262
1660156250000.00   3.20346320   0.22000000   10.21377650    1.40952381 130.18171222   0.00000291   0.00004098 251.98355095  228.16604272
1665039062500.00   3.20346320   0.21500000   10.21595150    1.37748918 127.59722234   0.00000291   0.00004078 252.73386811  228.84108713
1669921875000.00   3.20346320   0.21500000   10.21595150    1.37748918 127.97140774   0.00000292   0.00004059 253.48429115  229.51622726
1674804687500.00   3.20346320   0.21500000   10.21595150    1.37748918 128.34559315   0.00000292   0.00004039 254.23482305  230.19146445
1679687500000.00   3.20779221   0.20500000   10.24790585    1.31519481 122.89866726   0.00000292   0.00004020 254.98546673  230.86680002
1684570312500.00   3.20779221   0.20500000   10.24790585    1.31519481 123.25593082   0.00000293   0.00004001 255.73622510  231.54223528
1689453125000.00   3.20779221   0.20000000   10.24993085    1.28311688 120.59823843   0.00000293   0.00003982 256.48710104  232.21777146
1694335937500.00   3.20779221   0.20500000   10.24790585    1.31519481 123.97045796   0.00000293   0.00003962 257.23809735  232.89340980
1699218750000.00   3.20779221   0.21000000   10.24583085    1.34727273 127.36010498   0.00000294   0.00003943 257.98921682  233.56915148
1704101562500.00   3.20779221   0.20500000   10.24790585    1.31519481 124.68498510   0.00000294   0.00003925 258.74046214  234.24499763
1708984375000.00   3.20779221   0.20000000   10.24993085    1.28311688 121.99243772   0.00000294   0.00003906 259.49183597  234.92094936
1713867187500.00   3.20779221   0.20000000   10.24993085    1.28311688 122.34098754   0.00000295   0.00003887 260.24334087  235.59700774
1718750000000.00   3.21212121   0.19500000   10.27969768    1.25272727 119.78373253   0.00000295   0.00003868 260.99497934  236.27317379
1723632812500.00   3.21212121   0.19500000   10.27969768    1.25272727 120.12402723   0.00000295   0.00003850 261.74675378  236.94944849
1728515625000.00   3.21212121   0.19500000   10.27969768    1.25272727 120.46432192   0.00000296   0.00003831 262.49866651  237.62583277
1733398437500.00   3.21212121   0.19500000   10.27969768    1.25272727 120.80461662   0.00000296   0.00003812 263.25071977  238.30232754
1738281250000.00   3.21212121   0.20000000   10.27772268    1.28484848 124.25119109   0.00000296   0.00003794 264.00291566  238.97893364
1743164062500.00   3.21212121   0.19500000   10.27969768    1.25272727 121.48520601   0.00000296   0.00003775 264.75525623  239.65565188
1748046875000.00   3.21212121   0.19500000   10.27969768    1.25272727 121.82550070   0.00000297   0.00003757 265.50774337  240.33248304
1752929687500.00   3.21212121   0.19500000   10.27969768    1.25272727 122.16579539   0.00000297   0.00003739 266.26037889  241.00942784
1757812500000.00   3.21212121   0.19500000   10.27969768    1.25272727 122.50609009   0.00000297   0.00003720 267.01316449  241.68648695
1762695312500.00   3.21645022   0.19000000   10.30945199    1.22225108 119.85779349   0.00000297   0.00003702 267.76610174  242.36366102
1767578125000.00   3.21645022   0.19000000   10.30945199    1.22225108 120.18980954   0.00000298   0.00003684 268.51919208  243.04095065
1772460937500.00   3.21645022   0.18500000   10.31132699    1.19008658 117.35019860   0.00000298   0.00003666 269.27243686  243.71835639
1777343750000.00   3.21645022   0.18500000   10.31132699    1.19008658 117.67347738   0.00000298   0.00003647 270.02583728  244.39587876
1782226562500.00   3.21645022   0.19000000   10.30945199    1.22225108 121.18585768   0.00000298   0.00003629 270.77939442  245.07351824
1787109375000.00   3.21645022   0.19000000   10.30945199    1.22225108 121.51787373   0.00000299   0.00003611 271.53310925  245.75127527
1791992187500.00   3.21645022   0.19000000   10.30945199    1.22225108 121.84988978   0.00000299   0.00003593 272.28698262  246.42915024
1796875000000.00   3.22077922   0.18000000   10.34101879    1.15948052 115.90706828   0.00000299   0.00003575 273.04101522  247.10714354
1801757812500.00   3.22077922   0.18000000   10.34101879    1.15948052 116.22203314   0.00000299   0.00003556 273.79520765  247.78525549
1806640625000.00   3.22077922   0.18000000   10.34101879    1.15948052 116.53699800   0.00000299   0.00003538 274.54956038  248.46348638
1811523437500.00   3.22077922   0.18000000   10.34101879    1.15948052 116.85196285   0.00000300   0.00003520 275.30407375  249.14183648
1816406250000.00   3.22077922   0.18000000   10.34101879    1.15948052 117.16692771   0.00000300   0.00003502 276.05874798  249.82030604
1821289062500.00   3.22077922   0.18000000   10.34101879    1.15948052 117.48189257   0.00000300   0.00003484 276.81358319  250.49889524
1826171875000.00   3.22077922   0.18000000   10.34101879    1.15948052 117.79685743   0.00000300   0.00003465 277.56857935  251.17760429
1831054687500.00   3.22077922   0.18000000   10.34101879    1.15948052 118.11182229   0.00000300   0.00003447 278.32373637  251.85643332
1835937500000.00   3.22077922   0.17500000   10.34279379    1.12727273 115.13715418   0.00000300   0.00003429 279.07905399  252.53538247
1840820312500.00   3.22510823   0.17000000   10.37242306    1.09653680 112.29572052   0.00000301   0.00003411 279.83453188  253.21445184
1845703125000.00   3.22510823   0.17000000   10.37242306    1.09653680 112.59358715   0.00000301   0.00003393 280.59016960  253.89364152
1850585937500.00   3.22510823   0.17000000   10.37242306    1.09653680 112.89145379   0.00000301   0.00003374 281.34596660  254.57295158
1855468750000.00   3.22510823   0.17000000   10.37242306    1.09653680 113.18932042   0.00000301   0.00003356 282.10192226  255.25238206
1860351562500.00   3.22510823   0.17000000   10.37242306    1.09653680 113.48718705   0.00000301   0.00003338 282.85803583  255.93193302
1865234375000.00   3.22510823   0.17500000   10.37069806    1.12878788 117.13167291   0.00000301   0.00003320 283.61430652  256.61160445
1870117187500.00   3.22510823   0.17500000   10.37069806    1.12878788 117.43830033   0.00000301   0.00003301 284.37073341  257.29139639
1875000000000.00   3.22510823   0.17000000   10.37242306    1.09653680 114.38078695   0.00000301   0.00003283 285.12731553  257.97130882
1879882812500.00   3.22510823   0.17000000   10.37242306    1.09653680 114.67865358   0.00000301   0.00003264 285.88405183  258.65134174
1884765625000.00   3.22943723   0.16000000   10.40366482    1.03341991 108.35844811   0.00000301   0.00003246 286.64094121  259.33149514
1889648437500.00   3.22943723   0.16000000   10.40366482    1.03341991 108.63916948   0.00000301   0.00003228 287.39798248  260.01176900
1894531250000.00   3.22943723   0.16000000   10.40366482    1.03341991 108.91989084   0.00000301   0.00003209 288.15517441  260.69216330
1899414062500.00   3.22943723   0.16000000   10.40366482    1.03341991 109.20061221   0.00000301   0.00003191 288.91251572  261.37267802
1904296875000.00   3.22943723   0.17000000   10.40036482    1.09800866 116.32391693   0.00000301   0.00003172 289.67000507  262.05331314
1909179687500.00   3.22943723   0.17000000   10.40036482    1.09800866 116.62218338   0.00000301   0.00003154 290.42764109  262.73406865
1914062500000.00   3.22943723   0.16500000   10.40203982    1.06571429 113.48161308   0.00000301   0.00003135 291.18542238  263.41494452
1918945312500.00   3.22943723   0.16000000   10.40366482    1.03341991 110.32349769   0.00000301   0.00003117 291.94334751  264.09594076
1923828125000.00   3.23376623   0.15500000   10.43321905    1.00246753 107.29146702   0.00000301   0.00003098 292.70141502  264.77705735
1928710937500.00   3.23376623   0.15500000   10.43321905    1.00246753 107.56378038   0.00000301   0.00003079 293.45962344  265.45829431
1933593750000.00   3.23376623   0.15500000   10.43321905    1.00246753 107.83609375   0.00000301   0.00003061 294.21797128  266.13965165
1938476562500.00   3.23376623   0.15500000   10.43321905    1.00246753 108.10840712   0.00000301   0.00003042 294.97645705  266.82112940
1943359375000.00   3.23376623   0.16000000   10.43164405    1.03480519 111.87687276   0.00000300   0.00003023 295.73507927  267.50272759
1948242187500.00   3.23376623   0.16000000   10.43164405    1.03480519 112.15797043   0.00000300   0.00003005 296.49383645  268.18444628
1953125000000.00   3.23376623   0.16000000   10.43164405    1.03480519 112.43906810   0.00000300   0.00002986 297.25272711  268.86628554
1958007812500.00   3.23376623   0.15500000   10.43321905    1.00246753 109.19766059   0.00000300   0.00002967 298.01174981  269.54824543
1962890625000.00   3.23809524   0.14500000   10.46423577    0.93904762 102.54448656   0.00000300   0.00002948 298.77090310  270.23032606
1967773437500.00   3.23809524   0.14500000   10.46423577    0.93904762 102.79957234   0.00000300   0.00002929 299.53018559  270.91252754
1972656250000.00   3.23809524   0.14500000   10.46423577    0.93904762 103.05465813   0.00000299   0.00002911 300.28959591  271.59484998
1977539062500.00   3.23809524   0.14500000   10.46423577    0.93904762 103.30974392   0.00000299   0.00002892 301.04913271  272.27729355
1982421875000.00   3.23809524   0.14500000   10.46423577    0.93904762 103.56482971   0.00000299   0.00002873 301.80879471  272.95985839
1987304687500.00   3.23809524   0.15500000   10.46123577    1.00380952 110.97990966   0.00000299   0.00002854 302.56858067  273.64254468
1992187500000.00   3.23809524   0.15500000   10.46123577    1.00380952 111.25258758   0.00000298   0.00002835 303.32848939  274.32535263
1997070312500.00   3.23809524   0.15500000   10.46123577    1.00380952 111.52526549   0.00000298   0.00002816 304.08851975  275.00828244
2001953125000.00   3.23809524   0.15500000   10.46123577    1.00380952 111.79794340   0.00000298   0.00002797 304.84867067  275.69133435
2006835937500.00   3.24242424   0.14000000   10.49371497    0.90787879 101.36040495   0.00000297   0.00002778 305.60894115  276.37450861
2011718750000.00   3.24242424   0.14000000   10.49371497    0.90787879 101.60702394   0.00000297   0.00002759 306.36933025  277.05780549
2016601562500.00   3.24242424   0.14000000   10.49371497    0.90787879 101.85364293   0.00000296   0.00002740 307.12983710  277.74122526
2021484375000.00   3.24242424   0.14000000   10.49371497    0.90787879 102.10026192   0.00000296   0.00002721 307.89046093  278.42476823
2026367187500.00   3.24242424   0.14000000   10.49371497    0.90787879 102.34688091   0.00000296   0.00002702 308.65120103  279.10843471
2031250000000.00   3.24242424   0.15000000   10.49081497    0.97272727 109.92160704   0.00000295   0.00002683 309.41205677  279.79222505
2036132812500.00   3.24242424   0.14500000   10.49228997    0.94030303 106.51298028   0.00000295   0.00002664 310.17302761  280.47613958
2041015625000.00   3.24242424   0.14500000   10.49228997    0.94030303 106.76840709   0.00000294   0.00002645 310.93411311  281.16017866
2045898437500.00   3.24242424   0.14500000   10.49228997    0.94030303 107.02383391   0.00000294   0.00002626 311.69531292  281.84434268
2050781250000.00   3.24675325   0.13500000   10.52318165    0.87662338 100.01404307   0.00000293   0.00002606 312.45662675  282.52863201
2055664062500.00   3.24675325   0.13000000   10.52450665    0.84415584  96.53912835   0.00000293   0.00002587 313.21805445  283.21304706
2060546875000.00   3.24675325   0.13000000   10.52450665    0.84415584  96.76843744   0.00000292   0.00002568 313.97959594  283.89758824
2065429687500.00   3.24675325   0.13000000   10.52450665    0.84415584  96.99774653   0.00000292   0.00002549 314.74125123  284.58225596
2070312500000.00   3.24675325   0.13000000   10.52450665    0.84415584  97.22705563   0.00000291   0.00002530 315.50302045  285.26705065
2075195312500.00   3.24675325   0.13500000   10.52318165    0.87662338 101.20468644   0.00000290   0.00002511 316.26490381  285.95197275
2080078125000.00   3.24675325   0.14000000   10.52180665    0.90909091 105.19995641   0.00000290   0.00002492 317.02690162  286.63702269
2084960937500.00   3.24675325   0.14000000   10.52180665    0.90909091 105.44690467   0.00000289   0.00002473 317.78901431  287.32220092
2089843750000.00   3.24675325   0.14000000   10.52180665    0.90909091 105.69385292   0.00000288   0.00002453 318.55124239  288.00750788
2094726562500.00   3.24675325   0.14000000   10.52180665    0.90909091 105.94080118   0.00000288   0.00002434 319.31358645  288.69294404
2099609375000.00   3.24675325   0.14000000   10.52180665    0.90909091 106.18774943   0.00000287   0.00002415 320.07604721  289.37850983
2104492187500.00   3.25108225   0.12500000   10.55391080    0.81277056  95.15768805   0.00000286   0.00002396 320.83862548  290.06420572
2109375000000.00   3.25108225   0.12500000   10.55391080    0.81277056  95.37847155   0.00000285   0.00002377 321.60132213  290.75003215
2114257812500.00   3.25108225   0.12500000   10.55391080    0.81277056  95.59925505   0.00000284   0.00002358 322.36413817  291.43598957
2119140625000.00   3.25108225   0.12500000   10.55391080    0.81277056  95.82003855   0.00000284   0.00002339 323.12707467  292.12207843
2124023437500.00   3.25108225   0.12500000   10.55391080    0.81277056  96.04082205   0.00000283   0.00002320 323.89013280  292.80829917
2128906250000.00   3.25108225   0.13500000   10.55131080    0.87779221 103.96253399   0.00000282   0.00002300 324.65331379  293.49465222
2133789062500.00   3.25108225   0.13000000   10.55263580    0.84528139 100.34168461   0.00000281   0.00002281 325.41661899  294.18113802
2138671875000.00   3.25108225   0.13000000   10.55263580    0.84528139 100.57129945   0.00000280   0.00002262 326.18004981  294.86775699
2143554687500.00   3.25108225   0.13000000   10.55263580    0.84528139 100.80091428   0.00000279   0.00002243 326.94360772  295.55450954
2148437500000.00   3.25108225   0.12500000   10.55391080    0.81277056  97.14473954   0.00000278   0.00002224 327.70729429  296.24139607
2153320312500.00   3.25541126   0.12000000   10.58330244    0.78129870  93.59536404   0.00000277   0.00002205 328.47111113  296.92841699
2158203125000.00   3.25541126   0.12000000   10.58330244    0.78129870  93.80759842   0.00000276   0.00002186 329.23505992  297.61557269
2163085937500.00   3.25541126   0.12000000   10.58330244    0.78129870  94.01983281   0.00000275   0.00002167 329.99914242  298.30286353
2167968750000.00   3.25541126   0.11500000   10.58447744    0.74874459  90.30573106   0.00000274   0.00002148 330.76336041  298.99028989
2172851562500.00   3.25541126   0.11500000   10.58447744    0.74874459  90.50912235   0.00000273   0.00002129 331.52771573  299.67785212
2177734375000.00   3.25541126   0.12000000   10.58330244    0.78129870  94.65653597   0.00000272   0.00002110 332.29221027  300.36555058
2182617187500.00   3.25541126   0.12500000   10.58207744    0.81385281  98.82163578   0.00000271   0.00002091 333.05684594  301.05338558
2187500000000.00   3.25541126   0.12500000   10.58207744    0.81385281  99.04271327   0.00000270   0.00002072 333.82162469  301.74135747
2192382812500.00   3.25541126   0.12500000   10.58207744    0.81385281  99.26379075   0.00000268   0.00002053 334.58654849  302.42946656
2197265625000.00   3.25541126   0.12500000   10.58207744    0.81385281  99.48486824   0.00000267   0.00002034 335.35161932  303.11771314
2202148437500.00   3.25541126   0.12500000   10.58207744    0.81385281  99.70594572   0.00000266   0.00002015 336.11683918  303.80609753
2207031250000.00   3.25541126   0.12500000   10.58207744    0.81385281  99.92702321   0.00000265   0.00001996 336.88221007  304.49462000
2211914062500.00   3.25974026   0.11500000   10.61268156    0.74974026  92.25877425   0.00000264   0.00001977 337.64773397  305.18328084
2216796875000.00   3.25974026   0.11500000   10.61268156    0.74974026  92.46243600   0.00000262   0.00001958 338.41341287  305.87208032
2221679687500.00   3.25974026   0.11000000   10.61380656    0.71714286  88.63713699   0.00000261   0.00001939 339.17924872  306.56101872
2226562500000.00   3.25974026   0.11000000   10.61380656    0.71714286  88.83194388   0.00000260   0.00001920 339.94524345  307.25009630
2231445312500.00   3.25974026   0.11000000   10.61380656    0.71714286  89.02675077   0.00000258   0.00001901 340.71139895  307.93931332
2236328125000.00   3.25974026   0.11500000   10.61268156    0.74974026  93.27708302   0.00000257   0.00001883 341.47771707  308.62867004
2241210937500.00   3.25974026   0.12000000   10.61150656    0.78233766  97.54512498   0.00000255   0.00001864 342.24419960  309.31816674
2246093750000.00   3.25974026   0.11500000   10.61268156    0.74974026  93.68440652   0.00000254   0.00001845 343.01084827  310.00780366
2250976562500.00   3.25974026   0.11500000   10.61268156    0.74974026  93.88806828   0.00000253   0.00001826 343.77766473  310.69758108
2255859375000.00   3.25974026   0.11500000   10.61268156    0.74974026  94.09173003   0.00000251   0.00001807 344.54465056  311.38749928
2260742187500.00   3.25974026   0.11500000   10.61268156    0.74974026  94.29539178   0.00000250   0.00001789 345.31180724  312.07755852
2265625000000.00   3.26406926   0.10500000   10.64312316    0.68545455  86.39632852   0.00000248   0.00001770 346.07913616  312.76775911
2270507812500.00   3.26406926   0.10500000   10.64312316    0.68545455  86.58252751   0.00000247   0.00001751 346.84663859  313.45810133
2275390625000.00   3.26406926   0.10500000   10.64312316    0.68545455  86.76872649   0.00000245   0.00001732 347.61431569  314.14858550
2280273437500.00   3.26406926   0.10500000   10.64312316    0.68545455  86.95492548   0.00000244   0.00001714 348.38216850  314.83921196
2285156250000.00   3.26406926   0.10500000   10.64312316    0.68545455  87.14112446   0.00000242   0.00001695 349.15019792  315.52998104
2290039062500.00   3.26406926   0.10500000   10.64312316    0.68545455  87.32732344   0.00000241   0.00001676 349.91840469  316.22089310
2294921875000.00   3.26406926   0.11000000   10.64204816    0.71809524  91.68083302   0.00000239   0.00001658 350.68678942  316.91194853
2299804687500.00   3.26406926   0.11000000   10.64204816    0.71809524  91.87589862   0.00000237   0.00001639 351.45535255  317.60314773
2304687500000.00   3.26406926   0.11000000   10.64204816    0.71809524  92.07096422   0.00000236   0.00001621 352.22409433  318.29449114
2309570312500.00   3.26406926   0.11000000   10.64204816    0.71809524  92.26602983   0.00000234   0.00001602 352.99301487  318.98597920
2314453125000.00   3.26406926   0.11000000   10.64204816    0.71809524  92.46109543   0.00000233   0.00001583 353.76211407  319.67761241
2319335937500.00   3.26406926   0.11000000   10.64204816    0.71809524  92.65616103   0.00000231   0.00001565 354.53139165  320.36939126
2324218750000.00   3.26839827   0.10000000   10.67242724    0.65367965  84.52215590   0.00000229   0.00001546 355.30084712  321.06131630
2329101562500.00   3.26839827   0.10000000   10.67242724    0.65367965  84.69972346   0.00000228   0.00001528 356.07047979  321.75338811
2333984375000.00   3.26839827   0.10000000   10.67242724    0.65367965  84.87729101   0.00000226   0.00001510 356.84028876  322.44560728
2338867187500.00   3.26839827   0.10000000   10.67242724    0.65367965  85.05485857   0.00000224   0.00001491 357.61027293  323.13797445
2343750000000.00   3.26839827   0.10000000   10.67242724    0.65367965  85.23242612   0.00000223   0.00001473 358.38043096  323.83049030
2348632812500.00   3.26839827   0.10500000   10.67140224    0.68636364  89.68049336   0.00000221   0.00001455 359.15076131  324.52315552
2353515625000.00   3.26839827   0.10500000   10.67140224    0.68636364  89.86693929   0.00000219   0.00001436 359.92126221  325.21597085
2358398437500.00   3.26839827   0.10500000   10.67140224    0.68636364  90.05338523   0.00000218   0.00001418 360.69193165  325.90893707
2363281250000.00   3.26839827   0.10500000   10.67140224    0.68636364  90.23983116   0.00000216   0.00001400 361.46276743  326.60205497
2368164062500.00   3.26839827   0.10500000   10.67140224    0.68636364  90.42627709   0.00000214   0.00001382 362.23376709  327.29532539
2373046875000.00   3.26839827   0.10000000   10.67242724    0.65367965  86.29783145   0.00000212   0.00001364 363.00492799  327.98874920
2377929687500.00   3.27272727   0.09500000   10.70171880    0.62181818  82.26043916   0.00000211   0.00001346 363.77624724  328.68232729
2382812500000.00   3.27272727   0.09500000   10.70171880    0.62181818  82.42935176   0.00000209   0.00001328 364.54772175  329.37606059
2387695312500.00   3.27272727   0.09500000   10.70171880    0.62181818  82.59826437   0.00000207   0.00001310 365.31934821  330.06995004
2392578125000.00   3.27272727   0.09500000   10.70171880    0.62181818  82.76717698   0.00000206   0.00001292 366.09112314  330.76399663
2397460937500.00   3.27272727   0.09000000   10.70264380    0.58909091  78.57103224   0.00000204   0.00001274 366.86304285  331.45820134
2402343750000.00   3.27272727   0.09000000   10.70264380    0.58909091  78.73105470   0.00000202   0.00001257 367.63510344  332.15256518
2407226562500.00   3.27272727   0.10000000   10.70074380    0.65454545  87.65675242   0.00000201   0.00001239 368.40730089  332.84708919
2412109375000.00   3.27272727   0.10000000   10.70074380    0.65454545  87.83455516   0.00000199   0.00001221 369.17963098  333.54177438
2416992187500.00   3.27272727   0.10000000   10.70074380    0.65454545  88.01235790   0.00000197   0.00001204 369.95208935  334.23662181
2421875000000.00   3.27272727   0.10000000   10.70074380    0.65454545  88.19016064   0.00000195   0.00001186 370.72467150  334.93163252
2426757812500.00   3.27272727   0.10000000   10.70074380    0.65454545  88.36796339   0.00000194   0.00001169 371.49737283  335.62680753
2431640625000.00   3.27272727   0.09500000   10.70171880    0.62181818  84.11847782   0.00000192   0.00001152 372.27018862  336.32214787
2436523437500.00   3.27705628   0.08500000   10.73187284    0.55709957  75.51478888   0.00000190   0.00001135 373.04311406  337.01765455
2441406250000.00   3.27705628   0.08500000   10.73187284    0.55709957  75.66612112   0.00000189   0.00001117 373.81614426  337.71332856
2446289062500.00   3.27705628   0.08500000   10.73187284    0.55709957  75.81745336   0.00000187   0.00001101 374.58927430  338.40917086
2451171875000.00   3.27705628   0.08500000   10.73187284    0.55709957  75.96878561   0.00000185   0.00001084 375.36249921  339.10518236
2456054687500.00   3.27705628   0.08500000   10.73187284    0.55709957  76.12011785   0.00000184   0.00001067 376.13581400  339.80136395
2460937500000.00   3.27705628   0.08500000   10.73187284    0.55709957  76.27145009   0.00000182   0.00001050 376.90921370  340.49771645
2465820312500.00   3.27705628   0.08500000   10.73187284    0.55709957  76.42278233   0.00000180   0.00001034 377.68269333  341.19424064
2470703125000.00   3.27705628   0.09000000   10.73099784    0.58987013  81.07847426   0.00000178   0.00001017 378.45624799  341.89093720
2475585937500.00   3.27705628   0.09000000   10.73099784    0.58987013  81.23870839   0.00000177   0.00001001 379.22987282  342.58780678
2480468750000.00   3.27705628   0.09000000   10.73099784    0.58987013  81.39894253   0.00000175   0.00000985 380.00356303  343.28484991
2485351562500.00   3.27705628   0.09000000   10.73099784    0.58987013  81.55917667   0.00000173   0.00000969 380.77731396  343.98206704
2490234375000.00   3.27705628   0.09000000   10.73099784    0.58987013  81.71941081   0.00000172   0.00000953 381.55112103  344.67945853
2495117187500.00   3.27705628   0.09000000   10.73099784    0.58987013  81.87964495   0.00000170   0.00000937 382.32497984  345.37702461
2500000000000.00   3.27705628   0.09000000   10.73099784    0.58987013  82.03987909   0.00000168   0.00000921 383.09888610  346.07476542
2504882812500.00   3.27705628   0.09000000   10.73099784    0.58987013  82.20011323   0.00000167   0.00000906 383.87283573  346.77268094
2509765625000.00   3.28138528   0.08000000   10.76108936    0.52502165  73.30590730   0.00000165   0.00000890 384.64682480  347.47077105
2514648437500.00   3.28138528   0.08000000   10.76108936    0.52502165  73.44852580   0.00000163   0.00000875 385.42084962  348.16903546
2519531250000.00   3.28138528   0.08000000   10.76108936    0.52502165  73.59114429   0.00000161   0.00000860 386.19490668  348.86747374
2524414062500.00   3.28138528   0.07500000   10.76186436    0.49220779  69.12540261   0.00000160   0.00000845 386.96899272  349.56608532
2529296875000.00   3.28138528   0.07500000   10.76186436    0.49220779  69.25910746   0.00000158   0.00000830 387.74310474  350.26486943
2534179687500.00   3.28138528   0.07500000   10.76186436    0.49220779  69.39281230   0.00000156   0.00000815 388.51723997  350.96382516
2539062500000.00   3.28138528   0.07500000   10.76186436    0.49220779  69.52651714   0.00000155   0.00000801 389.29139591  351.66295141
2543945312500.00   3.28138528   0.07500000   10.76186436    0.49220779  69.66022198   0.00000153   0.00000787 390.06557035  352.36224691
2548828125000.00   3.28138528   0.07500000   10.76186436    0.49220779  69.79392682   0.00000151   0.00000772 390.83976134  353.06171019
2553710937500.00   3.28138528   0.07000000   10.76258936    0.45939394  65.26578955   0.00000149   0.00000758 391.61396726  353.76133961
2558593750000.00   3.28138528   0.07000000   10.76258936    0.45939394  65.39058073   0.00000148   0.00000745 392.38818675  354.46113333
2563476562500.00   3.28138528   0.07000000   10.76258936    0.45939394  65.51537192   0.00000146   0.00000731 393.16241878  355.16108931
2568359375000.00   3.28138528   0.07500000   10.76186436    0.49220779  70.32874618   0.00000144   0.00000717 393.93666264  355.86120534
2573242187500.00   3.28138528   0.08000000   10.76108936    0.52502165  75.15994776   0.00000142   0.00000704 394.71091790  356.56147900
2578125000000.00   3.28138528   0.08000000   10.76108936    0.52502165  75.30256625   0.00000140   0.00000691 395.48518448  357.26190769
2583007812500.00   3.28138528   0.08000000   10.76108936    0.52502165  75.44518475   0.00000139   0.00000678 396.25946262  357.96248863
2587890625000.00   3.28138528   0.08000000   10.76108936    0.52502165  75.58780325   0.00000137   0.00000665 397.03375287  358.66321886
2592773437500.00   3.28138528   0.08000000   10.76108936    0.52502165  75.73042174   0.00000135   0.00000653 397.80805611  359.36409524
2597656250000.00   3.28138528   0.07500000   10.76186436    0.49220779  71.13097522   0.00000133   0.00000640 398.58237356  360.06511445
2602539062500.00   3.28138528   0.07500000   10.76186436    0.49220779  71.26468007   0.00000131   0.00000628 399.35670676  360.76627305
2607421875000.00   3.28138528   0.07500000   10.76186436    0.49220779  71.39838491   0.00000130   0.00000616 400.13105758  361.46756742
2612304687500.00   3.28138528   0.07500000   10.76186436    0.49220779  71.53208975   0.00000128   0.00000604 400.90542822  362.16899382
2617187500000.00   3.28138528   0.07500000   10.76186436    0.49220779  71.66579459   0.00000126   0.00000592 401.67982121  362.87054837
2622070312500.00   3.28138528   0.07500000   10.76186436    0.49220779  71.79949943   0.00000124   0.00000580 402.45423942  363.57222709
2626953125000.00   3.28138528   0.07500000   10.76186436    0.49220779  71.93320427   0.00000122   0.00000569 403.22868604  364.27402591
2631835937500.00   3.28138528   0.07500000   10.76186436    0.49220779  72.06690911   0.00000120   0.00000558 404.00316459  364.97594067
2636718750000.00   3.28138528   0.07500000   10.76186436    0.49220779  72.20061395   0.00000118   0.00000547 404.77767894  365.67796713
2641601562500.00   3.28138528   0.07500000   10.76186436    0.49220779  72.33431879   0.00000117   0.00000536 405.55223325  366.38010104
2646484375000.00   3.28138528   0.07500000   10.76186436    0.49220779  72.46802363   0.00000115   0.00000525 406.32683207  367.08233809
2651367187500.00   3.28138528   0.07500000   10.76186436    0.49220779  72.60172847   0.00000113   0.00000514 407.10148023  367.78467396
2656250000000.00   3.28138528   0.07500000   10.76186436    0.49220779  72.73543331   0.00000111   0.00000504 407.87618293  368.48710435
2661132812500.00   3.28138528   0.07000000   10.76258936    0.45939394  68.01119561   0.00000109   0.00000494 408.65094569  369.18962497
2666015625000.00   3.28138528   0.07000000   10.76258936    0.45939394  68.13598679   0.00000107   0.00000484 409.42577438  369.89223159
2670898437500.00   3.28138528   0.07000000   10.76258936    0.45939394  68.26077798   0.00000105   0.00000474 410.20067518  370.59492003
2675781250000.00   3.28138528   0.07000000   10.76258936    0.45939394  68.38556916   0.00000103   0.00000464 410.97565465  371.29768617
2680664062500.00   3.28138528   0.07000000   10.76258936    0.45939394  68.51036035   0.00000102   0.00000454 411.75071968  372.00052603
2685546875000.00   3.28138528   0.07000000   10.76258936    0.45939394  68.63515153   0.00000100   0.00000445 412.52587749  372.70343570
2690429687500.00   3.28138528   0.07000000   10.76258936    0.45939394  68.75994272   0.00000098   0.00000436 413.30113568  373.40641143
2695312500000.00   3.28138528   0.07000000   10.76258936    0.45939394  68.88473390   0.00000096   0.00000426 414.07650218  374.10944958
2700195312500.00   3.28138528   0.07000000   10.76258936    0.45939394  69.00952509   0.00000094   0.00000417 414.85198530  374.81254671
2705078125000.00   3.28138528   0.07000000   10.76258936    0.45939394  69.13431627   0.00000092   0.00000409 415.62759368  375.51569949
2709960937500.00   3.28138528   0.07000000   10.76258936    0.45939394  69.25910746   0.00000090   0.00000400 416.40333636  376.21890483
2714843750000.00   3.28138528   0.07000000   10.76258936    0.45939394  69.38389864   0.00000089   0.00000391 417.17922273  376.92215978
2719726562500.00   3.28138528   0.07000000   10.76258936    0.45939394  69.50868982   0.00000087   0.00000383 417.95526254  377.62546160
2724609375000.00   3.28138528   0.07000000   10.76258936    0.45939394  69.63348101   0.00000085   0.00000374 418.73146593  378.32880776
2729492187500.00   3.28138528   0.07000000   10.76258936    0.45939394  69.75827219   0.00000083   0.00000366 419.50784339  379.03219592
2734375000000.00   3.28138528   0.07000000   10.76258936    0.45939394  69.88306338   0.00000081   0.00000358 420.28440580  379.73562394
2739257812500.00   3.28138528   0.07000000   10.76258936    0.45939394  70.00785456   0.00000079   0.00000350 421.06116439  380.43908990
2744140625000.00   3.28138528   0.07000000   10.76258936    0.45939394  70.13264575   0.00000078   0.00000342 421.83813078  381.14259208
2749023437500.00   3.28138528   0.07000000   10.76258936    0.45939394  70.25743693   0.00000076   0.00000335 422.61531692  381.84612893
2753906250000.00   3.28138528   0.07000000   10.76258936    0.45939394  70.38222812   0.00000074   0.00000327 423.39273512  382.54969912
2758789062500.00   3.28138528   0.07000000   10.76258936    0.45939394  70.50701930   0.00000072   0.00000320 424.17039801  383.25330148
2763671875000.00   3.28138528   0.07000000   10.76258936    0.45939394  70.63181049   0.00000071   0.00000312 424.94831854  383.95693503
2768554687500.00   3.28138528   0.07000000   10.76258936    0.45939394  70.75660167   0.00000069   0.00000305 425.72650996  384.66059893
2773437500000.00   3.28138528   0.06500000   10.76326436    0.42658009  65.81843622   0.00000067   0.00000298 426.50498576  385.36429248
2778320312500.00   3.28138528   0.06500000   10.76326436    0.42658009  65.93431375   0.00000066   0.00000291 427.28375966  386.06801510
2783203125000.00   3.28138528   0.06500000   10.76326436    0.42658009  66.05019128   0.00000064   0.00000284 428.06284557  386.77176635
2788085937500.00   3.28138528   0.06500000   10.76326436    0.42658009  66.16606881   0.00000062   0.00000277 428.84225751  387.47554582
2792968750000.00   3.28571429   0.06000000   10.79231837    0.39428571  61.26405188   0.00000061   0.00000271 429.62200955  388.17935321
2797851562500.00   3.28571429   0.06000000   10.79231837    0.39428571  61.37115687   0.00000059   0.00000264 430.40211577  388.88318822
2802734375000.00   3.28571429   0.06000000   10.79231837    0.39428571  61.47826185   0.00000058   0.00000258 431.18259013  389.58705059
2807617187500.00   3.28571429   0.06000000   10.79231837    0.39428571  61.58536684   0.00000056   0.00000252 431.96344638  390.29094001
2812500000000.00   3.28571429   0.06000000   10.79231837    0.39428571  61.69247182   0.00000055   0.00000245 432.74469795  390.99485617
2817382812500.00   3.28571429   0.06000000   10.79231837    0.39428571  61.79957681   0.00000053   0.00000239 433.52635781  391.69879864
2822265625000.00   3.28571429   0.06000000   10.79231837    0.39428571  61.90668180   0.00000052   0.00000233 434.30843831  392.40276692
2827148437500.00   3.28571429   0.06000000   10.79231837    0.39428571  62.01378678   0.00000051   0.00000228 435.09095103  393.10676035
2832031250000.00   3.28571429   0.07000000   10.79101837    0.46000000  72.47437373   0.00000049   0.00000222 435.87390657  393.81077812
2836914062500.00   3.28571429   0.07000000   10.79101837    0.46000000  72.59932955   0.00000048   0.00000216 436.65731434  394.51481920
2841796875000.00   3.28571429   0.07000000   10.79101837    0.46000000  72.72428536   0.00000047   0.00000211 437.44118234  395.21888233
2846679687500.00   3.28571429   0.07000000   10.79101837    0.46000000  72.84924118   0.00000045   0.00000205 438.22551692  395.92296599
2851562500000.00   3.28571429   0.06500000   10.79169337    0.42714286  67.76175435   0.00000044   0.00000200 439.01032251  396.62706837
2856445312500.00   3.29004329   0.06000000   10.82078485    0.39480519  62.73896797   0.00000043   0.00000195 439.79560133  397.33118729
2861328125000.00   3.29004329   0.06000000   10.82078485    0.39480519  62.84621407   0.00000042   0.00000190 440.58135310  398.03532025
2866210937500.00   3.29004329   0.06000000   10.82078485    0.39480519  62.95346017   0.00000041   0.00000185 441.36757480  398.73946434
2871093750000.00   3.29004329   0.06000000   10.82078485    0.39480519  63.06070627   0.00000040   0.00000180 442.15426028  399.44361622
2875976562500.00   3.29004329   0.06000000   10.82078485    0.39480519  63.16795237   0.00000039   0.00000175 442.94140006  400.14777209
2880859375000.00   3.29004329   0.06500000   10.82015985    0.42770563  68.54813167   0.00000038   0.00000170 443.72898101  400.85192771
2885742187500.00   3.29004329   0.06500000   10.82015985    0.42770563  68.66431495   0.00000037   0.00000166 444.51698612  401.55607831
2890625000000.00   3.29004329   0.06500000   10.82015985    0.42770563  68.78049822   0.00000036   0.00000161 445.30539425  402.26021860
2895507812500.00   3.29437229   0.06000000   10.84928881    0.39532468  63.68061694   0.00000035   0.00000157 446.09418004  402.96434277
2900390625000.00   3.29437229   0.06000000   10.84928881    0.39532468  63.78800416   0.00000034   0.00000152 446.88331371  403.66844443
2905273437500.00   3.29437229   0.06000000   10.84928881    0.39532468  63.89539137   0.00000033   0.00000148 447.67276106  404.37251664
2910156250000.00   3.29437229   0.06500000   10.84866381    0.42826840  69.33634346   0.00000032   0.00000144 448.46248352  405.07655186
2915039062500.00   3.29437229   0.06500000   10.84866381    0.42826840  69.45267961   0.00000032   0.00000140 449.25243819  405.78054199
2919921875000.00   3.29437229   0.06500000   10.84866381    0.42826840  69.56901576   0.00000031   0.00000136 450.04257814  406.48447832
2924804687500.00   3.29437229   0.06500000   10.84866381    0.42826840  69.68535190   0.00000030   0.00000132 450.83285264  407.18835156
2929687500000.00   3.29870130   0.05500000   10.87840526    0.36285714  59.14057912   0.00000030   0.00000129 451.62320755  407.89215185
2934570312500.00   3.29870130   0.05500000   10.87840526    0.36285714  59.23914675   0.00000029   0.00000125 452.41358585  408.59586871
2939453125000.00   3.29870130   0.06000000   10.87783026    0.39584416  64.73205205   0.00000028   0.00000121 453.20392813  409.29949114
2944335937500.00   3.29870130   0.06000000   10.87783026    0.39584416  64.83958038   0.00000028   0.00000118 453.99417325  410.00300757
2949218750000.00   3.29870130   0.06000000   10.87783026    0.39584416  64.94710871   0.00000027   0.00000114 454.78425898  410.70640587
2954101562500.00   3.29870130   0.06000000   10.87783026    0.39584416  65.05463703   0.00000027   0.00000111 455.57412273  411.40967342
2958984375000.00   3.30303030   0.05000000   10.90750918    0.33030303  54.37306667   0.00000026   0.00000108 456.36370227  412.11279708
2963867187500.00   3.30303030   0.05000000   10.90750918    0.33030303  54.46279121   0.00000026   0.00000105 457.15293641  412.81576325
2968750000000.00   3.30303030   0.05000000   10.90750918    0.33030303  54.55251574   0.00000026   0.00000101 457.94176568  413.51855786
2973632812500.00   3.30303030   0.05500000   10.90698418    0.36333333  60.10646430   0.00000025   0.00000098 458.73013302  414.22116643
2978515625000.00   3.30303030   0.05500000   10.90698418    0.36333333  60.20516128   0.00000025   0.00000095 459.51798429  414.92357403
2983398437500.00   3.30303030   0.05500000   10.90698418    0.36333333  60.30385827   0.00000024   0.00000093 460.30526878  415.62576540
2988281250000.00   3.30735931   0.04500000   10.93660059    0.29766234  49.48504348   0.00000024   0.00000090 461.09193965  416.32772487
2993164062500.00   3.30735931   0.04500000   10.93660059    0.29766234  49.56590140   0.00000024   0.00000087 461.87795422  417.02943644
2998046875000.00   3.30735931   0.04500000   10.93660059    0.29766234  49.64675931   0.00000024   0.00000084 462.66327424  417.73088378
3002929687500.00   3.30735931   0.04500000   10.93660059    0.29766234  49.72761722   0.00000023   0.00000082 463.44786597  418.43205022
