%title N2_ref
%Created 3
%type 0
%Parameters Parameters
%param Position of delay line pump+THz,121.99973
%param accumulations,27
%param Lockin time constant,0.1
%param Reader function used,Read X
%param Lockin sensitivity,0.05
%param scannerversion,4.12
%param Delay line THz,scanning
%param Position of delay line pump,258.00015
%param Date and time,2024-03-05 14:39:43.648000
121 5.55555555555556E-5
121.05 9.88888888888889E-5
121.1 9.37037037037037E-5
121.15 9.14814814814815E-5
121.2 8.35185185185185E-5
121.25 1.7037037037037E-4
121.3 1.14814814814815E-4
121.35 4.46296296296296E-5
121.4 1.15555555555556E-4
121.45 1.39259259259259E-4
121.5 1.38518518518519E-4
121.55 8.5E-5
121.6 1.34074074074074E-4
121.65 1.5037037037037E-4
121.7 8.2962962962963E-5
121.75 1.44074074074074E-4
121.8 1.87222222222222E-4
121.85 1.60925925925926E-4
121.9 1.74814814814815E-4
121.95 1.43888888888889E-4
122 1.09259259259259E-4
122.05 1.75925925925926E-4
122.1 1.31296296296296E-4
122.15 1.13148148148148E-4
122.2 6.01851851851852E-5
122.25 1.88703703703704E-4
122.3 1.47037037037037E-4
122.35 1.27222222222222E-4
122.4 1.59259259259259E-4
122.45 1.40555555555556E-4
122.5 1.61666666666667E-4
122.55 3.31481481481482E-5
122.6 8.57407407407407E-5
122.65 2.75925925925926E-5
122.7 6.96296296296296E-5
122.75 5.62962962962963E-5
122.8 9.37037037037037E-5
122.85 7.4074074074074E-6
122.9 -1.2037037037037E-5
122.95 -2.64814814814815E-5
123 -9.22222222222222E-5
123.05 -9.81481481481482E-5
123.1 -3.22222222222222E-5
123.15 -1.77962962962963E-4
123.2 -2.24444444444444E-4
123.25 -3.85555555555556E-4
123.3 -5.97592592592592E-4
123.35 -7.76666666666667E-4
123.4 -0.00117203703703704
123.45 -0.00168574074074074
123.5 -0.00236055555555556
123.55 -0.00323296296296296
123.6 -0.00440537037037037
123.65 -0.00606259259259259
123.7 -0.00778870370370371
123.75 -0.00994703703703704
123.8 -0.0120061111111111
123.85 -0.0141151851851852
123.9 -0.0156372222222222
123.95 -0.0161527777777778
124 -0.0152840740740741
124.05 -0.0124653703703704
124.1 -0.00754148148148148
124.15 -4.4962962962963E-4
124.2 0.00876777777777778
124.25 0.0184507407407407
124.3 0.0272861111111111
124.35 0.0333501851851852
124.4 0.0354646296296296
124.45 0.032162962962963
124.5 0.0240348148148148
124.55 0.0120085185185185
124.6 -4.84814814814815E-4
124.65 -0.0117233333333333
124.7 -0.01804
124.75 -0.0192935185185185
124.8 -0.0150955555555556
124.85 -0.00787814814814815
124.9 -3.41111111111111E-4
124.95 0.00427259259259259
125 0.00533407407407407
125.05 0.0027412962962963
125.1 -0.00113944444444444
125.15 -0.0040687037037037
125.2 -0.00486240740740741
125.25 -0.0026937037037037
125.3 0.00101944444444444
125.35 0.00405666666666667
125.4 0.00517314814814815
125.45 0.00378611111111111
125.5 9.30925925925926E-4
125.55 -0.00200055555555556
125.6 -0.00332111111111111
125.65 -0.00278944444444444
125.7 -9.82962962962963E-4
125.75 9.07037037037037E-4
125.8 0.0018562962962963
125.85 0.0015387037037037
125.9 3.78148148148148E-4
125.95 -6.72037037037037E-4
126 -0.00100555555555556
126.05 -3.15555555555556E-4
126.1 5.76851851851852E-4
126.15 0.00127481481481482
126.2 0.00123944444444444
126.25 5.91666666666667E-4
126.3 -1.26851851851852E-4
126.35 -5.35E-4
126.4 -5.19444444444445E-4
126.45 -3.94444444444445E-5
126.5 5.35925925925926E-4
126.55 6.56481481481482E-4
126.6 4.89259259259259E-4
126.65 1.0037037037037E-4
126.7 -2.78888888888889E-4
126.75 -5.66481481481481E-4
126.8 -4.97222222222222E-4
126.85 -1.28888888888889E-4
126.9 1.04814814814815E-4
126.95 2.67037037037037E-4
127 2.02407407407407E-4
127.05 3.00555555555556E-4
127.1 2.65185185185185E-4
127.15 1.37777777777778E-4
127.2 1.30740740740741E-4
127.25 1.79259259259259E-4
127.3 1.13888888888889E-4
127.35 4.83333333333333E-5
127.4 6.14814814814815E-5
127.45 -4.25925925925926E-5
127.5 -6.09259259259259E-5
127.55 -1.67592592592593E-4
127.6 -1.31296296296296E-4
127.65 -4E-5
127.7 2.61111111111111E-5
127.75 3.59259259259259E-5
127.8 6.44444444444444E-5
127.85 6.24074074074074E-5
127.9 3.11111111111111E-5
127.95 -7.02723630314679E-21
128 1.38888888888889E-5
128.05 -9.25925925925916E-7
128.1 1.03333333333333E-4
128.15 1.67222222222222E-4
128.2 1.15E-4
128.25 1.25E-4
128.3 1.24074074074074E-5
128.35 -9.35185185185185E-5
128.4 -6.51851851851852E-5
128.45 -1.84074074074074E-4
128.5 -1.1462962962963E-4
128.55 -8.64814814814815E-5
128.6 -1.64814814814815E-4
128.65 -1.67407407407407E-4
128.7 -1.14814814814815E-4
128.75 -9.55555555555556E-5
128.8 -1.7962962962963E-5
128.85 4.77777777777778E-5
128.9 7.57407407407407E-5
128.95 2.05555555555556E-5
129 -6.55555555555556E-5
129.05 -1.00925925925926E-4
129.1 -1.24444444444444E-4
129.15 -1.73703703703704E-4
129.2 -1.00925925925926E-4
129.25 -5.57407407407408E-5
129.3 -1.59259259259259E-5
129.35 -2.83333333333333E-5
129.4 -5.24074074074074E-5
129.45 -8.92592592592593E-5
129.5 -5.87037037037037E-5
129.55 -7.74074074074074E-5
129.6 -3.57407407407408E-5
129.65 -2.24074074074074E-5
129.7 -9.2592592592593E-7
129.75 -8.9074074074074E-5
129.8 -1.32407407407407E-4
129.85 -1.17592592592593E-4
129.9 -1.80740740740741E-4
129.95 -8.14814814814815E-5
130 -5.48148148148148E-5
130.05 -7.74074074074074E-5
130.1 -3.25925925925926E-5
130.15 -1.16851851851852E-4
130.2 -4.27777777777778E-5
130.25 -3.46296296296296E-5
130.3 -3.7037037037037E-7
130.35 -3.27777777777778E-5
130.4 1.61111111111111E-5
130.45 7.46296296296296E-5
130.5 1.28703703703704E-4
130.55 1.14814814814815E-5
130.6 2.31481481481482E-5
130.65 -6.11111111111111E-5
130.7 3.33333333333333E-6
130.75 -4.27777777777778E-5
130.8 -8.25925925925926E-5
130.85 -4.57407407407408E-5
130.9 -7.5E-5
130.95 -5.22222222222222E-5
131 0
131.050000000001 0
131.100000000001 0
131.150000000001 0
131.200000000001 0
131.250000000001 0
131.300000000001 0
131.350000000001 0
131.400000000001 0
131.450000000002 0
131.500000000002 0
131.550000000002 0
131.600000000002 0
131.650000000002 0
131.700000000002 0
131.750000000002 0
131.800000000002 0
131.850000000003 0
131.900000000003 0
131.950000000003 0
132.000000000003 0
132.050000000003 0
132.100000000003 0
132.150000000003 0
132.200000000003 0
132.250000000004 0
132.300000000004 0
132.350000000004 0
132.400000000004 0
132.450000000004 0
132.500000000004 0
132.550000000004 0
132.600000000004 0
132.650000000005 0
132.700000000005 0
132.750000000005 0
132.800000000005 0
132.850000000005 0
132.900000000005 0
132.950000000005 0
133.000000000005 0
133.050000000006 0
133.100000000006 0
133.150000000006 0
133.200000000006 0
133.250000000006 0
133.300000000006 0
133.350000000006 0
133.400000000006 0
133.450000000007 0
133.500000000007 0
133.550000000007 0
133.600000000007 0
133.650000000007 0
133.700000000007 0
133.750000000007 0
133.800000000007 0
133.850000000008 0
133.900000000008 0
133.950000000008 0
