%title Si_100K
%Created 3
%type 0
%Parameters Parameters
%param Position of delay line pump+THz,122.99976
%param accumulations,8
%param Lockin time constant,0.1
%param Reader function used,Read X
%param Lockin sensitivity,0.02
%param scannerversion,4.12
%param Delay line THz,scanning
%param Position of delay line pump,699.99993
%param Date and time,2024-03-05 19:39:10.225000
121 0
121.05 0
121.1 0
121.15 0
121.2 0
121.25 0
121.3 0
121.35 0
121.4 0
121.45 0
121.5 0
121.55 0
121.6 0
121.65 0
121.7 0
121.75 0
121.8 0
121.85 0
121.9 0
121.95 0
122 0
122.05 0
122.1 0
122.15 0
122.2 0
122.25 0
122.3 0
122.35 0
122.4 0
122.45 0
122.5 0
122.55 0
122.6 0
122.65 0
122.7 0
122.75 0
122.8 0
122.85 0
122.9 0
122.95 0
123 0
123.05 1.3E-5
123.1 5.975E-5
123.15 -9.5E-6
123.2 2.2E-5
123.25 -7.55E-5
123.3 -9E-6
123.35 -2.025E-5
123.4 2.05E-5
123.45 3.475E-5
123.5 -7.6E-5
123.55 1E-5
123.6 2.775E-5
123.65 6.825E-5
123.7 1.465E-4
123.75 -8.175E-5
123.8 3.3E-5
123.85 -8.75E-6
123.9 -5.375E-5
123.95 -5.825E-5
124 -2.475E-5
124.05 9.75E-6
124.1 7.375E-5
124.15 -1.625E-5
124.2 -3.99999999999999E-6
124.25 -1.45E-5
124.3 7.7E-5
124.35 -2.25E-5
124.4 -6.4E-5
124.45 -4.25000000000001E-6
124.5 2.475E-5
124.55 3.625E-5
124.6 -4.575E-5
124.65 -3.775E-5
124.7 -7.725E-5
124.75 -6.825E-5
124.8 -3.3E-5
124.85 -1.825E-5
124.9 2.175E-5
124.95 7.725E-5
125 4.45E-5
125.05 5.525E-5
125.1 -6E-5
125.15 -5.65E-5
125.2 2.525E-5
125.25 4.5E-6
125.3 4.825E-5
125.35 -7.025E-5
125.4 -2.3E-5
125.45 2.975E-5
125.5 8.55E-5
125.55 6.6E-5
125.6 -3.975E-5
125.65 -5.425E-5
125.7 -1.225E-4
125.75 -6.725E-5
125.8 9.25E-6
125.85 -1.6475E-4
125.9 -1.845E-4
125.95 -9.625E-5
126 -1.5325E-4
126.05 -2.7025E-4
126.1 -3.09E-4
126.15 -3.8175E-4
126.2 -4.4725E-4
126.25 -4.175E-4
126.3 -2.715E-4
126.35 -7.25E-6
126.4 3.4425E-4
126.45 8.5525E-4
126.5 0.0015645
126.55 0.002189
126.6 0.0025885
126.65 0.002836
126.7 0.00244975
126.75 0.001491
126.8 -2.4E-5
126.85 -0.001985
126.9 -0.00408175
126.95 -0.00597525
127 -0.00668125
127.05 -0.00591
127.1 -0.00380175
127.15 -5.1075E-4
127.2 0.00324125
127.25 0.005889
127.3 0.00735225
127.35 0.00663075
127.4 0.00447075
127.45 0.00122475
127.5 -0.00144975
127.55 -0.0030425
127.6 -0.0028325
127.65 -0.0018295
127.7 -2.92E-4
127.75 7.5475E-4
127.8 5.6175E-4
127.85 -1.1975E-4
127.9 -0.00134975
127.95 -0.001966
128 -0.00167625
128.05 -7.9875E-4
128.1 4.1675E-4
128.15 0.001196
128.2 0.00145
128.25 8.0475E-4
128.3 1.285E-4
128.35 -4.695E-4
128.4 -4.5225E-4
128.45 -1.1575E-4
128.5 2.86E-4
128.55 5.9625E-4
128.6 4.745E-4
128.65 -6.875E-5
128.7 -3.2625E-4
128.75 -3.645E-4
128.8 -2.0725E-4
128.85 -8.925E-5
128.9 3.38E-4
128.95 4.5E-4
129 1.105E-4
129.05 -1.65E-5
129.1 -2.335E-4
129.15 -1.925E-4
129.2 -1.055E-4
129.25 1.3225E-4
129.3 1.5475E-4
129.35 1.9675E-4
129.4 1.0225E-4
129.45 -3.75E-5
129.5 1.625E-5
129.55 -1.04E-4
129.6 -8.95E-5
129.65 3.8E-5
129.7 -2.225E-5
129.75 3.55E-5
129.8 2.49999999999994E-7
129.85 4E-5
129.9 1.045E-4
129.95 8.375E-5
130 5.95E-5
130.05 9.5E-6
130.1 1.525E-5
130.15 1.125E-5
130.2 7.85E-5
130.25 6.275E-5
130.3 -5.15E-5
130.35 5E-5
130.4 5.5E-5
130.45 2.75E-5
130.5 2.85E-5
130.55 -1.7E-5
130.6 6.675E-5
130.65 -5.95E-5
130.7 2.8E-5
130.75 -4.6E-5
130.8 3.8E-5
130.85 5.475E-5
130.9 -4.45E-5
130.95 -1.525E-5
131 1.46E-4
131.050000000001 -4.625E-5
131.100000000001 4.275E-5
131.150000000001 1E-5
131.200000000001 -7.75E-6
131.250000000001 5.6E-5
131.300000000001 5.625E-5
131.350000000001 2.3E-5
131.400000000001 6.65E-5
131.450000000002 -1.7E-5
131.500000000002 -7.55E-5
131.550000000002 2.9E-5
131.600000000002 -2.65E-5
131.650000000002 -1.175E-5
131.700000000002 4.725E-5
131.750000000002 -2.6E-5
131.800000000002 6.4E-5
131.850000000003 4.625E-5
131.900000000003 3.45E-5
131.950000000003 -2.975E-5
132.000000000003 9.775E-5
132.050000000003 9.75E-6
132.100000000003 6.7E-5
132.150000000003 -6.15E-5
132.200000000003 -3.45E-5
132.250000000004 -3.35E-5
132.300000000004 6.15E-5
132.350000000004 7.675E-5
132.400000000004 9.25000000000001E-6
132.450000000004 1.275E-5
132.500000000004 3.675E-5
132.550000000004 -3.225E-5
132.600000000004 4.5E-6
132.650000000005 -4.3E-5
132.700000000005 2.625E-5
132.750000000005 6.675E-5
132.800000000005 -2E-5
132.850000000005 5E-5
132.900000000005 1.285E-4
132.950000000005 -9.45E-5
133.000000000005 0
133.050000000006 0
133.100000000006 0
133.150000000006 0
133.200000000006 0
133.250000000006 0
133.300000000006 0
133.350000000006 0
133.400000000006 0
133.450000000007 0
133.500000000007 0
133.550000000007 0
133.600000000007 0
133.650000000007 0
133.700000000007 0
133.750000000007 0
133.800000000007 0
133.850000000008 0
133.900000000008 0
133.950000000008 0
