%title Air_300K
%Created 3
%type 0
%Parameters Parameters
%param Position of delay line pump+THz,122.80029
%param accumulations,30
%param Lockin time constant,0.1
%param Reader function used,Read X
%param Lockin sensitivity,0.1
%param scannerversion,4.12
%param Delay line THz,scanning
%param Position of delay line pump,245.00016
%param Date and time,2023-09-13 11:27:34.452000
118 -2.3E-5
118.05 -2.86666666666667E-5
118.1 -7.9E-5
118.15 -3.86666666666667E-5
118.2 -4.86666666666667E-5
118.25 -3.73333333333333E-5
118.3 -3.8E-5
118.35 -1.63333333333333E-5
118.4 -4.76666666666667E-5
118.45 -3.03333333333333E-5
118.5 -6E-6
118.55 -2.13333333333333E-5
118.6 -5E-6
118.65 -7E-6
118.7 -2.96666666666667E-5
118.75 2.33333333333333E-6
118.8 -6.93333333333333E-5
118.85 -8.53333333333333E-5
118.9 -2.6E-5
118.95 -3.8E-5
119 -3.23333333333333E-5
119.05 -5.33333333333333E-5
119.1 -5.76666666666667E-5
119.15 -4.36666666666667E-5
119.2 -1.06333333333333E-4
119.25 -6.86666666666667E-5
119.3 -6.3E-5
119.35 -8.5E-5
119.4 -5.76666666666667E-5
119.45 -3.9E-5
119.5 -6.96666666666667E-5
119.55 -1.23666666666667E-4
119.6 -8.63333333333333E-5
119.65 -8.73333333333333E-5
119.7 -9.43333333333334E-5
119.75 -9.2E-5
119.8 -1.02E-4
119.85 -9.8E-5
119.9 -9.53333333333333E-5
119.95 -5.56666666666667E-5
120 -1.14333333333333E-4
120.05 -1.01666666666667E-4
120.1 -1.21E-4
120.15 -1.12333333333333E-4
120.2 -1.40666666666667E-4
120.25 -1.16E-4
120.3 -1.43666666666667E-4
120.35 -9.3E-5
120.4 -9.23333333333334E-5
120.45 -1.53333333333333E-4
120.5 -1.55333333333333E-4
120.55 -1.07333333333333E-4
120.6 -1.38666666666667E-4
120.65 -1.39E-4
120.7 -1.39666666666667E-4
120.75 -1.37666666666667E-4
120.8 -1.32333333333333E-4
120.85 -9.16666666666667E-5
120.9 -5.4E-5
120.95 -6.8E-5
121 -5.13333333333333E-5
121.05 -3E-6
121.1 -3.93333333333333E-5
121.15 2.93333333333333E-5
121.2 5.36666666666667E-5
121.25 5.76666666666667E-5
121.3 1.26666666666667E-4
121.35 1.57E-4
121.4 1.55333333333333E-4
121.45 2.21333333333333E-4
121.5 2.61E-4
121.55 3.53333333333333E-4
121.6 4.32E-4
121.65 4.84E-4
121.7 6.76333333333334E-4
121.75 8E-4
121.8 0.00107433333333333
121.85 0.001309
121.9 0.00176866666666667
121.95 0.00236633333333333
122 0.00308766666666667
122.05 0.00403633333333333
122.1 0.00530866666666667
122.15 0.00679633333333333
122.2 0.00844
122.25 0.00994766666666666
122.3 0.0111466666666667
122.35 0.011701
122.4 0.011142
122.45 0.00889033333333334
122.5 0.004925
122.55 -0.00101033333333333
122.6 -0.008297
122.65 -0.0163466666666667
122.7 -0.0235103333333333
122.75 -0.027695
122.8 -0.0284
122.85 -0.0240943333333333
122.9 -0.015437
122.95 -0.00313866666666667
123 0.00938266666666667
123.05 0.0188626666666667
123.1 0.0233613333333333
123.15 0.021213
123.2 0.0125706666666667
123.25 0.00247966666666667
123.3 -0.00742066666666666
123.35 -0.012627
123.4 -0.0120056666666667
123.45 -0.00642133333333333
123.5 9.46E-4
123.55 0.006581
123.6 0.00813266666666667
123.65 0.00525933333333333
123.7 -3.10333333333333E-4
123.75 -0.005157
123.8 -0.007054
123.85 -0.00501433333333333
123.9 -5.81E-4
123.95 0.003786
124 0.005709
124.05 0.00448466666666667
124.1 0.00140733333333333
124.15 -0.00202233333333333
124.2 -0.00362933333333333
124.25 -0.003128
124.3 -0.00122266666666667
124.35 8.5E-4
124.4 0.00187533333333333
124.45 0.00142433333333333
124.5 1.65666666666667E-4
124.55 -9.90666666666667E-4
124.6 -0.00128566666666667
124.65 -7.27333333333333E-4
124.7 2.18666666666667E-4
124.75 8.76333333333333E-4
124.8 8.62E-4
124.85 3.01666666666667E-4
124.9 -3.58333333333334E-4
124.95 -6.84E-4
125 -5.1E-4
125.05 -7.03333333333333E-5
125.1 4.32E-4
125.15 6.37E-4
125.2 4.95333333333333E-4
125.25 1.31333333333333E-4
125.3 -2.77666666666667E-4
125.35 -5.14E-4
125.4 -5.00333333333333E-4
125.449999999999 -3.35E-4
125.5 -1.60333333333333E-4
125.55 8.33333333333333E-6
125.599999999999 1.27666666666667E-4
125.65 1.30333333333333E-4
125.7 4.1E-5
125.75 1.7E-5
125.8 -5.7E-5
125.849999999999 -1.3E-5
125.9 6.33333333333334E-6
125.949999999999 5.43333333333333E-5
126 1.03333333333333E-5
126.05 -4.96666666666667E-5
126.099999999999 -5.43333333333333E-5
126.15 -1.07E-4
126.199999999999 -4.3E-5
126.25 3.8E-5
126.3 1.37333333333333E-4
126.349999999999 2.56666666666667E-4
126.4 2.46333333333333E-4
126.449999999999 8.76666666666667E-5
126.5 -9.33333333333334E-5
126.55 -2.42333333333333E-4
126.599999999999 -2.84666666666667E-4
126.65 -2.80666666666667E-4
126.699999999999 -1.35E-4
126.75 -3.63333333333333E-5
126.799999999999 8.26666666666667E-5
126.849999999999 1.45666666666667E-4
126.9 9.6E-5
126.949999999999 1.59E-4
127 1.38333333333333E-4
127.049999999999 1.18666666666667E-4
127.099999999999 1.08666666666667E-4
127.15 9.16666666666667E-5
127.199999999999 -3.06666666666667E-5
127.25 -8.73333333333333E-5
127.299999999999 -1.26333333333333E-4
127.349999999999 -5.53333333333333E-5
127.4 4E-5
127.449999999999 1.54666666666667E-4
127.5 1.77E-4
127.549999999999 1.51666666666667E-4
127.599999999999 2.06666666666667E-5
127.65 -5.36666666666667E-5
127.699999999999 -1.35E-4
127.75 -1.17333333333333E-4
127.799999999999 -6.7E-5
127.849999999999 3.1E-5
127.9 1.01E-4
127.949999999999 1.08333333333333E-4
128 2.6E-5
128.049999999999 4.33333333333333E-5
128.099999999999 1.7E-5
128.15 6.6E-5
128.199999999999 1.01E-4
128.25 8.63333333333333E-5
128.299999999999 1.15333333333333E-4
128.349999999999 3.3E-5
128.4 -4.2E-5
128.449999999999 -7.43333333333333E-5
128.5 -7.46666666666667E-5
128.55 -3.33333333333333E-5
128.599999999999 4.06666666666667E-5
128.65 7.3E-5
128.7 7.53333333333334E-5
128.75 8.26666666666667E-5
128.8 -1.5E-5
128.85 -9.4E-5
128.9 -1.30666666666667E-4
128.95 -1.38E-4
129 -8.1E-5
129.05 3.76666666666667E-5
129.1 6.83333333333333E-5
129.15 1.00333333333333E-4
129.2 6.06666666666667E-5
129.25 3.66666666666667E-5
129.3 4.2E-5
129.35 2.66666666666667E-6
129.4 2.26666666666667E-5
129.45 -2.06666666666667E-5
129.5 -3.3E-5
129.55 -7.23333333333333E-5
129.6 -5.23333333333333E-5
129.65 -6.73333333333333E-5
129.7 -5E-6
129.75 4.6E-5
129.8 6.83333333333333E-5
129.85 6.53333333333333E-5
129.9 4.26666666666667E-5
129.95 -7.66666666666667E-6
130 -3.93333333333333E-5
130.05 0
130.1 0
130.15 0
130.2 0
130.250000000001 0
130.300000000001 0
130.350000000001 0
130.400000000001 0
130.450000000001 0
130.500000000001 0
130.550000000001 0
130.600000000001 0
130.650000000002 0
130.700000000002 0
130.750000000002 0
130.800000000002 0
130.850000000002 0
130.900000000002 0
130.950000000002 0
131.000000000002 0
131.050000000003 0
131.100000000003 0
131.150000000003 0
131.200000000003 0
131.250000000003 0
131.300000000003 0
131.350000000003 0
131.400000000003 0
131.450000000004 0
