Frequency(Hz) Real_refrac Imag_refrac Real_diel Imag_diel Real_cond AmplitudeSample AmplitudeRef PhaseSample PhaseRef
302734375000.00   5.06493506   1.85500000   22.21254221   18.79090909 316.47406606   0.00000021   0.00001495  49.22640538   41.43227623
307617187500.00   5.03896104   1.83500000   22.02390335   18.49298701 316.47999282   0.00000021   0.00001521  49.99903863   42.12240848
312500000000.00   5.01731602   1.81000000   21.89736002   18.16268398 315.76111469   0.00000021   0.00001547  50.76986242   42.81272050
317382812500.00   4.99134199   1.79000000   21.70939487   17.86900433 315.50943914   0.00000021   0.00001574  51.53888274   43.50321469
322265625000.00   4.96536797   1.77000000   21.52197903   17.57740260 315.13546541   0.00000022   0.00001600  52.30610676   44.19389241
327148437500.00   4.93939394   1.75000000   21.33511249   17.28787879 314.64088685   0.00000022   0.00001626  53.07154362   44.88475393
332031250000.00   4.91774892   1.72000000   21.22585442   16.91705628 312.48728641   0.00000022   0.00001653  53.83520534   45.57579859
336914062500.00   4.89177489   1.70000000   21.03946159   16.63203463 311.74042081   0.00000022   0.00001679  54.59710822   46.26702482
341796875000.00   4.87012987   1.66500000   20.94593995   16.21753247 308.37663280   0.00000023   0.00001705  55.35727436   46.95843022
346679687500.00   4.84415584   1.64000000   20.77624584   15.88883117 306.44246351   0.00000023   0.00001732  56.11573359   47.65001170
351562500000.00   4.81818182   1.62000000   20.59047603   15.61090909 305.32287068   0.00000023   0.00001758  56.87252556   48.34176558
356445312500.00   4.79220779   1.60000000   20.40525552   15.33506494 304.09349172   0.00000024   0.00001784  57.62770194   49.03368769
361328125000.00   4.76623377   1.58000000   20.22058431   15.06129870 302.75601997   0.00000024   0.00001810  58.38132872   49.72577347
366210937500.00   4.73593074   1.56000000   19.99543994   14.77610390 301.03697789   0.00000024   0.00001837  59.13348832   50.41801816
371093750000.00   4.70995671   1.54000000   19.81209221   14.50666667 299.48830659   0.00000025   0.00001863  59.88428142   51.11041681
375976562500.00   4.68398268   1.52000000   19.62929378   14.23930736 297.83671667   0.00000025   0.00001889  60.63382822   51.80296449
380859375000.00   4.65800866   1.50000000   19.44704466   13.97402597 296.08390147   0.00000026   0.00001915  61.38226904   52.49565630
385742187500.00   4.63203463   1.48000000   19.26534483   13.71082251 294.23155438   0.00000027   0.00001941  62.12976396   53.18848753
390625000000.00   4.60606061   1.46000000   19.08419431   13.44969697 292.28136873   0.00000027   0.00001967  62.87649144   53.88145371
395507812500.00   4.58008658   1.44000000   18.90359308   13.19064935 290.23503790   0.00000028   0.00001992  63.62264576   54.57455067
400390625000.00   4.55411255   1.42000000   18.72354116   12.93367965 288.09425524   0.00000029   0.00002018  64.36843351   55.26777464
405273437500.00   4.53246753   1.40000000   18.58326193   12.69090909 286.13400352   0.00000030   0.00002044  65.11406906   55.96112224
410156250000.00   4.51082251   1.37500000   18.45689472   12.40476190 283.05208930   0.00000030   0.00002070  65.85976938   56.65459057
415039062500.00   4.48484848   1.35500000   18.27784093   12.15393939 280.63035009   0.00000032   0.00002096  66.60574857   57.34817718
419921875000.00   4.46320346   1.33000000   18.15128515   11.87212121 277.34824315   0.00000033   0.00002121  67.35221238   58.04188010
424804687500.00   4.44155844   1.31000000   18.01134139   11.63688312 275.01385306   0.00000034   0.00002147  68.09935314   58.73569784
429687500000.00   4.41991342   1.29000000   17.87153464   11.40337662 272.59305460   0.00000035   0.00002173  68.84734549   59.42962936
434570312500.00   4.40259740   1.26500000   17.78263889   11.13857143 269.28871056   0.00000037   0.00002199  69.59634299   60.12367404
439453125000.00   4.38095238   1.24500000   17.64271876   10.90857143 266.69141466   0.00000038   0.00002225  70.34647590   60.81783169
444335937500.00   4.36363636   1.22000000   17.55292231   10.64727273 263.19547405   0.00000040   0.00002251  71.09785006   61.51210241
449218750000.00   4.34632035   1.19500000   17.46247555   10.38770563 259.60084822   0.00000042   0.00002277  71.85054680   62.20648666
454101562500.00   4.32467532   1.18000000   17.31041666   10.20623377 257.83810806   0.00000043   0.00002303  72.60462384   62.90098509
458984375000.00   4.31168831   1.15500000   17.25663110    9.96000000 254.32311717   0.00000045   0.00002329  73.36011684   63.59559858
463867187500.00   4.29870130   1.13000000   17.20193286    9.71506494 250.70786528   0.00000047   0.00002355  74.11704150   64.29032810
468750000000.00   4.28138528   1.11500000   17.08703493    9.54748918 248.97689913   0.00000050   0.00002381  74.87539600   64.98517473
473632812500.00   4.26839827   1.09000000   17.03112378    9.30510823 245.18382098   0.00000052   0.00002407  75.63516354   65.68013953
478515625000.00   4.25974026   1.05000000   17.04288708    8.94545455 238.13714077   0.00000054   0.00002434  76.39631495   66.37522353
483398437500.00   4.24675325   1.02500000   16.98428814    8.70584416 234.12334968   0.00000057   0.00002460  77.15881114   67.07042766
488281250000.00   4.23376623   1.00500000   16.91475152    8.50987013 231.16473320   0.00000060   0.00002487  77.92260538   67.76575271
493164062500.00   4.22510823   0.98500000   16.88131451    8.32346320 228.36212922   0.00000063   0.00002513  78.68764535   68.46119931
498046875000.00   4.21212121   0.97000000   16.80106511    8.17151515 226.41302544   0.00000066   0.00002540  79.45387496   69.15676787
502929687500.00   4.19913420   0.95000000   16.73022802    7.97835498 223.22828668   0.00000069   0.00002567  80.22123587   69.85245858
507812500000.00   4.19047619   0.93000000   16.69519070    7.79428571 220.19543285   0.00000072   0.00002594  80.98966882   70.54827137
512695312500.00   4.18181818   0.91500000   16.65037831    7.65272727 218.27509266   0.00000075   0.00002620  81.75911466   71.24420592
517578125000.00   4.16883117   0.89500000   16.57812831    7.46220779 214.86805343   0.00000078   0.00002647  82.52951523   71.94026168
522460937500.00   4.16017316   0.88000000   16.53264072    7.32190476 212.81708938   0.00000082   0.00002674  83.30081405   72.63643782
527343750000.00   4.15584416   0.86500000   16.52281565    7.18961039 210.92485426   0.00000086   0.00002701  84.07295678   73.33273330
532226562500.00   4.15151515   0.84500000   16.52105305    7.01606061 207.73921002   0.00000089   0.00002728  84.84589165   74.02914685
537109375000.00   4.14285714   0.83000000   16.47436531    6.87714286 205.49410936   0.00000093   0.00002755  85.61956969   74.72567702
541992187500.00   4.13419913   0.81500000   16.42737748    6.73874459 203.18920019   0.00000097   0.00002782  86.39394490   75.42232222
546875000000.00   4.12987013   0.80000000   16.41582729    6.60779221 201.03563502   0.00000101   0.00002810  87.16897433   76.11908070
551757812500.00   4.12121212   0.78500000   16.36816435    6.47030303 198.61027389   0.00000106   0.00002837  87.94461811   76.81595065
556640625000.00   4.11688312   0.77000000   16.35582660    6.34000000 196.33275246   0.00000110   0.00002864  88.72083937   77.51293020
561523437500.00   4.10822511   0.76000000   16.29991354    6.24450216 195.07171708   0.00000115   0.00002891  89.49760422   78.21001745
566406250000.00   4.10389610   0.74500000   16.28693823    6.11480519 192.68116390   0.00000119   0.00002918  90.27488160   78.90721053
571289062500.00   4.09956710   0.73000000   16.27355040    5.98536797 190.22840328   0.00000124   0.00002945  91.05264313   79.60450765
576171875000.00   4.09523810   0.71500000   16.25975006    5.85619048 187.71364689   0.00000129   0.00002972  91.83086298   80.30190705
581054687500.00   4.09090909   0.69500000   16.25251219    5.68636364 183.81469849   0.00000134   0.00002999  92.60951767   80.99940714
585937500000.00   4.08658009   0.67500000   16.24451180    5.51688312 179.83477459   0.00000139   0.00003026  93.38858589   81.69700644
590820312500.00   4.08225108   0.66500000   16.22254890    5.42939394 178.45773232   0.00000145   0.00003053  94.16804834   82.39470364
595703125000.00   4.07792208   0.65000000   16.20694847    5.30129870 175.68745504   0.00000150   0.00003080  94.94788750   83.09249760
600585937500.00   4.07359307   0.64000000   16.18456053    5.21419913 174.21733681   0.00000156   0.00003107  95.72808746   83.79038735
605468750000.00   4.06926407   0.63000000   16.16201007    5.12727273 172.70573126   0.00000162   0.00003134  96.50863372   84.48837212
610351562500.00   4.06060606   0.62000000   16.10412158    5.03515152 170.97050819   0.00000168   0.00003161  97.28951303   85.18645133
615234375000.00   4.05627706   0.61000000   16.08128356    4.94865801 169.37785659   0.00000174   0.00003188  98.07071320   85.88462453
620117187500.00   4.05194805   0.60000000   16.05828302    4.86233766 167.74418805   0.00000180   0.00003215  98.85222296   86.58289149
625000000000.00   4.05194805   0.58500000   16.07605802    4.74077922 164.83838321   0.00000186   0.00003242  99.63403175   87.28125207
629882812500.00   4.04761905   0.57500000   16.05259495    4.65476190 163.11196797   0.00000193   0.00003268 100.41612967   87.97970627
634765625000.00   4.04329004   0.57000000   16.02329437    4.60935065 162.77276690   0.00000199   0.00003295 101.19850726   88.67825418
639648437500.00   4.03896104   0.56000000   15.99960627    4.52363636 160.97470138   0.00000206   0.00003322 101.98115545   89.37689594
644531250000.00   4.03463203   0.55000000   15.97575565    4.43809524 159.13627746   0.00000213   0.00003349 102.76406541   90.07563172
649414062500.00   4.03463203   0.54000000   15.98665565    4.35740260 157.42654886   0.00000220   0.00003375 103.54722851   90.77446166
654296875000.00   4.03030303   0.53000000   15.96244252    4.27212121 155.50594997   0.00000227   0.00003402 104.33063620   91.47338589
659179687500.00   4.02597403   0.52500000   15.93284186    4.22727273 155.02176676   0.00000235   0.00003429 105.11427997   92.17240442
664062500000.00   4.02597403   0.51000000   15.94836686    4.10649351 151.70807397   0.00000242   0.00003455 105.89815130   92.87151716
668945312500.00   4.02164502   0.51000000   15.91352868    4.10207792 152.65924809   0.00000250   0.00003482 106.68224159   93.57072387
673828125000.00   4.02164502   0.48500000   15.93840368    3.90099567 146.23563009   0.00000258   0.00003508 107.46654217   94.27002411
678710937500.00   4.01731602   0.49000000   15.89872798    3.93696970 148.65362980   0.00000266   0.00003535 108.25104429   94.96941724
683593750000.00   4.01731602   0.46500000   15.92260298    3.73610390 142.08414771   0.00000274   0.00003561 109.03573904   95.66890240
688476562500.00   4.01298701   0.46000000   15.89246477    3.69194805 141.40779171   0.00000282   0.00003587 109.82061744   96.36847844
693359375000.00   4.00865801   0.45500000   15.86231403    3.64787879 140.71078615   0.00000291   0.00003614 110.60567039   97.06814397
698242187500.00   4.00865801   0.44500000   15.87131403    3.56770563 138.58738394   0.00000299   0.00003640 111.39088868   97.76789731
703125000000.00   4.00432900   0.44000000   15.84105077    3.52380952 137.83945999   0.00000308   0.00003666 112.17626306   98.46773652
708007812500.00   4.00000000   0.43000000   15.81510000    3.44000000 135.49556828   0.00000317   0.00003692 112.96178420   99.16765935
712890625000.00   4.00000000   0.42500000   15.81937500    3.40000000 134.84362488   0.00000326   0.00003717 113.74744278   99.86766331
717773437500.00   3.99567100   0.42000000   15.78898671    3.35636364 134.02474447   0.00000335   0.00003743 114.53322947  100.56774564
722656250000.00   3.99567100   0.41000000   15.79728671    3.27645022 131.72370416   0.00000344   0.00003768 115.31913500  101.26790335
727539062500.00   3.99134199   0.40500000   15.76678589    3.23298701 130.85456389   0.00000353   0.00003794 116.10515018  101.96813325
732421875000.00   3.99134199   0.40000000   15.77081089    3.19307359 130.10645180   0.00000363   0.00003819 116.89126592  102.66843197
737304687500.00   3.98701299   0.39500000   15.74024756    3.14974026 129.19637692   0.00000372   0.00003844 117.67747333  103.36879599
742187500000.00   3.98268398   0.39000000   15.70967171    3.10649351 128.26633452   0.00000382   0.00003869 118.46376368  104.06922169
747070312500.00   3.98268398   0.38500000   15.71354671    3.06666667 127.45493311   0.00000392   0.00003893 119.25012850  104.76970540
751953125000.00   3.98268398   0.37500000   15.72114671    2.98701299 124.95581677   0.00000402   0.00003918 120.03655957  105.47024342
756835937500.00   3.97835498   0.37500000   15.68668333    2.98376623 125.63051468   0.00000412   0.00003942 120.82304899  106.17083208
761718750000.00   3.97835498   0.36000000   15.69770833    2.86441558 121.38339277   0.00000422   0.00003966 121.60958922  106.87146781
766601562500.00   3.97835498   0.34500000   15.70828333    2.74506494 117.07142930   0.00000432   0.00003990 122.39617306  107.57214713
771484375000.00   3.97402597   0.35500000   15.66685744    2.82155844 121.10017840   0.00000443   0.00004013 123.18279376  108.27286677
776367187500.00   3.97402597   0.34000000   15.67728244    2.70233766 116.71734078   0.00000453   0.00004037 123.96944496  108.97362367
781250000000.00   3.96969697   0.33500000   15.64626903    2.65969697 115.59812425   0.00000464   0.00004060 124.75612081  109.67441503
786132812500.00   3.96969697   0.33000000   15.64959403    2.62000000 114.58448398   0.00000474   0.00004083 125.54281591  110.37523837
791015625000.00   3.96536797   0.32500000   15.61851810    2.57748918 113.42544999   0.00000485   0.00004106 126.32952538  111.07609155
795898437500.00   3.96536797   0.32000000   15.62174310    2.53783550 112.36982852   0.00000496   0.00004129 127.11624486  111.77697281
800781250000.00   3.96103896   0.31500000   15.59060465    2.49545455 111.17116521   0.00000507   0.00004152 127.90297050  112.47788082
805664062500.00   3.96103896   0.31000000   15.59372965    2.45584416 110.07365661   0.00000518   0.00004175 128.68969904  113.17881468
810546875000.00   3.96103896   0.30500000   15.59680465    2.41623377 108.95462823   0.00000530   0.00004197 129.47642773  113.87977395
815429687500.00   3.95670996   0.30500000   15.56252868    2.41359307 109.49118799   0.00000541   0.00004220 130.26315439  114.58075865
820312500000.00   3.95238095   0.30000000   15.53131519    2.37142857 108.22260305   0.00000552   0.00004242 131.04987737  115.28176931
825195312500.00   3.95238095   0.29500000   15.53429019    2.33190476 107.05233879   0.00000564   0.00004264 131.83659558  115.98280691
830078125000.00   3.95238095   0.29000000   15.53721519    2.29238095 105.86060179   0.00000576   0.00004286 132.62330846  116.68387292
834960937500.00   3.94805195   0.29000000   15.50301418    2.28987013 106.36668108   0.00000587   0.00004308 133.41001595  117.38496927
839843750000.00   3.94805195   0.28500000   15.50588918    2.25038961 105.14407555   0.00000599   0.00004330 134.19671851  118.08609835
844726562500.00   3.94805195   0.27500000   15.51148918    2.17142857 102.04466329   0.00000611   0.00004352 134.98341705  118.78726296
849609375000.00   3.94805195   0.26500000   15.51688918    2.09246753  98.90235258   0.00000623   0.00004374 135.77011295  119.48846628
854492187500.00   3.94372294   0.27500000   15.47732566    2.16904762 103.11118576   0.00000635   0.00004397 136.55680800  120.18971186
859375000000.00   3.94372294   0.26000000   15.48535066    2.05073593  98.04400749   0.00000648   0.00004419 137.34350438  120.89100357
864257812500.00   3.94372294   0.25500000   15.48792566    2.01129870  96.70490118   0.00000660   0.00004441 138.13020462  121.59234554
869140625000.00   3.93939394   0.25500000   15.45379961    2.00909091  97.14450435   0.00000673   0.00004463 138.91691155  122.29374215
874023437500.00   3.93939394   0.25500000   15.45379961    2.00909091  97.69026000   0.00000685   0.00004485 139.70362829  122.99519791
878906250000.00   3.93939394   0.24500000   15.45879961    1.93030303  94.38362287   0.00000698   0.00004507 140.49035816  123.69671749
883789062500.00   3.93506494   0.24500000   15.42471104    1.92818182  94.80368185   0.00000711   0.00004530 141.27710467  124.39830561
888671875000.00   3.93506494   0.24500000   15.42471104    1.92818182  95.32745910   0.00000724   0.00004552 142.06387148  125.09996703
893554687500.00   3.93506494   0.23500000   15.42951104    1.84948052  91.93894098   0.00000737   0.00004574 142.85066232  125.80170645
898437500000.00   3.93506494   0.23000000   15.43183604    1.81012987  90.47450256   0.00000750   0.00004597 143.63748096  126.50352848
903320312500.00   3.93073593   0.23500000   15.39545996    1.84744589  92.84148982   0.00000764   0.00004619 144.42433118  127.20543763
908203125000.00   3.93073593   0.22500000   15.40005996    1.76883117  89.37127887   0.00000777   0.00004641 145.21121668  127.90743819
913085937500.00   3.93073593   0.22000000   15.40228496    1.72952381  87.85506362   0.00000791   0.00004664 145.99814111  128.60953424
917968750000.00   3.92640693   0.23000000   15.36377135    1.80614719  92.23794828   0.00000804   0.00004686 146.78510793  129.31172961
922851562500.00   3.92640693   0.22000000   15.36827135    1.72761905  88.69689846   0.00000818   0.00004709 147.57212047  130.01402782
927734375000.00   3.92640693   0.20500000   15.37464635    1.60982684  83.08668098   0.00000832   0.00004731 148.35918182  130.71643208
932617187500.00   3.92207792   0.22000000   15.33429523    1.72571429  89.53666364   0.00000845   0.00004754 149.14629484  131.41894523
937500000000.00   3.92207792   0.21500000   15.33647023    1.68649351  87.95986376   0.00000859   0.00004776 149.93346209  132.12156976
942382812500.00   3.92207792   0.20000000   15.34269523    1.56883117  82.24929121   0.00000873   0.00004798 150.72068585  132.82430779
947265625000.00   3.92207792   0.19500000   15.34467023    1.52961039  80.60856701   0.00000887   0.00004820 151.50796806  133.52716103
952148437500.00   3.91774892   0.21000000   15.30465658    1.64545455  87.16038642   0.00000901   0.00004843 152.29531033  134.23013082
957031250000.00   3.91774892   0.19500000   15.31073158    1.52792208  81.34969400   0.00000916   0.00004864 153.08271390  134.93321808
961914062500.00   3.91774892   0.19000000   15.31265658    1.48874459  79.66821157   0.00000930   0.00004886 153.87017966  135.63642339
966796875000.00   3.91341991   0.20500000   15.27283042    1.60450216  86.29867813   0.00000944   0.00004908 154.65770811  136.33974693
971679687500.00   3.91341991   0.19500000   15.27683042    1.52623377  82.50357735   0.00000958   0.00004929 155.44529940  137.04318852
976562500000.00   3.91341991   0.18000000   15.28245542    1.40883117  76.53984756   0.00000973   0.00004950 156.23295329  137.74674767
981445312500.00   3.90909091   0.19000000   15.24489174    1.48545455  81.10620302   0.00000987   0.00004971 157.02066922  138.45042355
986328125000.00   3.90909091   0.19000000   15.24489174    1.48545455  81.50971646   0.00001001   0.00004992 157.80844624  139.15421502
991210937500.00   3.90909091   0.17500000   15.25036674    1.36818182  75.44639597   0.00001015   0.00005012 158.59628311  139.85812071
996093750000.00   3.90909091   0.17000000   15.25209174    1.32909091  73.65182301   0.00001030   0.00005033 159.38417824  140.56213898
1000976562500.00   3.90476190   0.18000000   15.21476553    1.40571429  78.27977441   0.00001044   0.00005052 160.17212978  141.26626798
1005859375000.00   3.90476190   0.17500000   15.21654053    1.36666667  76.47658177   0.00001058   0.00005072 160.96013563  141.97050568
1010742187500.00   3.90476190   0.16500000   15.21994053    1.28857143  72.45652290   0.00001072   0.00005091 161.74819342  142.67484987
1015625000000.00   3.90043290   0.17500000   15.18275181    1.36515152  77.13346413   0.00001086   0.00005110 162.53630059  143.37929825
1020507812500.00   3.90043290   0.17000000   15.18447681    1.32614719  75.28988958   0.00001100   0.00005128 163.32445444  144.08384839
1025390625000.00   3.90043290   0.15500000   15.18935181    1.20913420  68.97511696   0.00001114   0.00005146 164.11265208  144.78849778
1030273437500.00   3.90043290   0.15500000   15.18935181    1.20913420  69.30356990   0.00001128   0.00005163 164.90089055  145.49324389
1035156250000.00   3.89610390   0.16500000   15.15240057    1.28571429  74.04214236   0.00001142   0.00005180 165.68916682  146.19808413
1040039062500.00   3.89610390   0.16000000   15.15402557    1.24675325  72.13711297   0.00001155   0.00005197 166.47747782  146.90301593
1044921875000.00   3.89610390   0.15000000   15.15712557    1.16883117  67.94604831   0.00001169   0.00005213 167.26582049  147.60803674
1049804687500.00   3.89177489   0.16500000   15.11868681    1.28428571  75.00647530   0.00001182   0.00005229 168.05419178  148.31314404
1054687500000.00   3.89177489   0.16000000   15.12031181    1.24536797  73.07184739   0.00001196   0.00005244 168.84258875  149.01833535
1059570312500.00   3.89177489   0.14500000   15.12488681    1.12861472  66.52794208   0.00001209   0.00005259 169.63100853  149.72360829
1064453125000.00   3.89177489   0.14500000   15.12488681    1.12861472  66.83452245   0.00001222   0.00005273 170.41944841  150.42896053
1069335937500.00   3.88744589   0.15500000   15.08821053    1.20510823  71.69168888   0.00001235   0.00005287 171.20790580  151.13438985
1074218750000.00   3.88744589   0.15000000   15.08973553    1.16623377  69.69585308   0.00001248   0.00005300 171.99637834  151.83989412
1079101562500.00   3.88744589   0.13500000   15.09401053    1.04961039  63.01138717   0.00001261   0.00005313 172.78486385  152.54547133
1083984375000.00   3.88311688   0.15000000   15.05609673    1.16493506  70.25113387   0.00001273   0.00005326 173.57336039  153.25111957
1088867187500.00   3.88311688   0.14500000   15.05757173    1.12610390  68.21532774   0.00001286   0.00005338 174.36186625  153.95683704
1093750000000.00   3.88311688   0.13000000   15.06169673    1.00961039  61.43282337   0.00001298   0.00005349 175.15038001  154.66262205
1098632812500.00   3.88311688   0.12500000   15.06297173    0.97077922  59.33372793   0.00001310   0.00005360 175.93890049  155.36847305
1103515625000.00   3.87878788   0.14000000   15.02539541    1.08606061  66.67471166   0.00001322   0.00005371 176.72742678  156.07438856
1108398437500.00   3.87878788   0.14000000   15.02539541    1.08606061  66.96973250   0.00001334   0.00005381 177.51595826  156.78036725
1113281250000.00   3.87878788   0.12500000   15.02937041    0.96969697  60.05781549   0.00001346   0.00005390 178.30449457  157.48640786
1118164062500.00   3.87878788   0.12500000   15.02937041    0.96969697  60.32122696   0.00001357   0.00005399 179.09303562  158.19250925
1123046875000.00   3.87445887   0.13500000   14.99320657    1.04610390  65.35838338   0.00001369   0.00005408 179.88158159  158.89867035
1127929687500.00   3.87445887   0.12500000   14.99580657    0.96861472  60.78013914   0.00001380   0.00005416 180.67013286  159.60489018
1132812500000.00   3.87445887   0.12000000   14.99703157    0.92987013  58.60152636   0.00001391   0.00005423 181.45869009  160.31116786
1137695312500.00   3.87012987   0.13500000   14.95968021    1.04493506  66.13690540   0.00001402   0.00005431 182.24725408  161.01750254
1142578125000.00   3.87012987   0.13000000   14.96100521    1.00623377  63.96072682   0.00001413   0.00005437 183.03582586  161.72389344
1147460937500.00   3.87012987   0.11500000   14.96468021    0.89012987  56.82244058   0.00001424   0.00005444 183.82440660  162.43033986
1152343750000.00   3.87012987   0.11500000   14.96468021    0.89012987  57.06423820   0.00001435   0.00005450 184.61299757  163.13684109
1157226562500.00   3.86580087   0.13000000   14.92751633    1.00510823  64.70827446   0.00001445   0.00005455 185.40160017  163.84339650
1162109375000.00   3.86580087   0.12500000   14.92879133    0.96645022  62.48202419   0.00001455   0.00005460 186.19021584  164.55000545
1166992187500.00   3.86580087   0.11000000   14.93231633    0.85047619  55.21520726   0.00001466   0.00005464 186.97884605  165.25666733
1171875000000.00   3.86580087   0.11000000   14.93231633    0.85047619  55.44623323   0.00001476   0.00005469 187.76749227  165.96338155
1176757812500.00   3.86147186   0.12500000   14.89533994    0.96536797  63.19876210   0.00001485   0.00005472 188.55615595  166.67014748
1181640625000.00   3.86147186   0.11000000   14.89886494    0.84952381  55.84567791   0.00001495   0.00005476 189.34483845  167.37696453
1186523437500.00   3.86147186   0.10500000   14.89993994    0.81090909  53.52751585   0.00001505   0.00005478 190.13354104  168.08383208
1191406250000.00   3.85714286   0.11500000   14.86432602    0.88714286  58.80063721   0.00001514   0.00005481 190.92226488  168.79074946
1196289062500.00   3.85714286   0.11500000   14.86432602    0.88714286  59.04162343   0.00001524   0.00005483 191.71101095  169.49771602
1201171875000.00   3.85714286   0.10000000   14.86755102    0.77142857  51.55009534   0.00001533   0.00005484 192.49978007  170.20473106
1206054687500.00   3.85714286   0.10000000   14.86755102    0.77142857  51.75964858   0.00001542   0.00005486 193.28857286  170.91179383
1210937500000.00   3.85281385   0.11500000   14.83094958    0.88614719  59.69750623   0.00001551   0.00005486 194.07738972  171.61890358
1215820312500.00   3.85281385   0.11000000   14.83207458    0.84761905  57.33221233   0.00001559   0.00005487 194.86623081  172.32605949
1220703125000.00   3.85281385   0.09500000   14.83514958    0.73203463  49.71303552   0.00001568   0.00005487 195.65509608  173.03326071
1225585937500.00   3.85281385   0.09500000   14.83514958    0.73203463  49.91188766   0.00001576   0.00005486 196.44398520  173.74050635
1230468750000.00   3.84848485   0.11000000   14.79873563    0.84666667  57.95776754   0.00001585   0.00005486 197.23289762  174.44779548
1235351562500.00   3.84848485   0.11000000   14.79873563    0.84666667  58.18775868   0.00001593   0.00005484 198.02183251  175.15512713
1240234375000.00   3.84848485   0.09500000   14.80181063    0.73121212  50.45169303   0.00001601   0.00005483 198.81078882  175.86250030
1245117187500.00   3.84848485   0.09000000   14.80273563    0.69272727  47.98451533   0.00001608   0.00005481 199.59976527  176.56991393
1250000000000.00   3.84415584   0.11000000   14.76543415    0.84571429  58.81150293   0.00001616   0.00005478 200.38876036  177.27736696
1254882812500.00   3.84415584   0.10500000   14.76650915    0.80727273  56.35754285   0.00001623   0.00005476 201.17777236  177.98485829
1259765625000.00   3.84415584   0.09000000   14.76943415    0.69194805  48.49442820   0.00001631   0.00005472 201.96679941  178.69238683
1264648437500.00   3.84415584   0.08500000   14.77030915    0.65350649  45.97781381   0.00001638   0.00005469 202.75583944  179.39995143
1269531250000.00   3.83982684   0.10500000   14.73324516    0.80636364  56.95120645   0.00001645   0.00005465 203.54489029  180.10755097
1274414062500.00   3.83982684   0.10000000   14.73427016    0.76796537  54.44785672   0.00001652   0.00005460 204.33394965  180.81518434
1279296875000.00   3.83982684   0.08500000   14.73704516    0.65277056  46.45799882   0.00001658   0.00005456 205.12301518  181.52285043
1284179687500.00   3.83982684   0.08000000   14.73787016    0.61437229  43.89206534   0.00001665   0.00005451 205.91208445  182.23054817
1289062500000.00   3.83549784   0.09500000   14.70201865    0.72874459  52.26102409   0.00001671   0.00005445 206.70115506  182.93827650
1293945312500.00   3.83549784   0.09500000   14.70201865    0.72874459  52.45898251   0.00001677   0.00005440 207.49022459  183.64603445
1298828125000.00   3.83549784   0.08500000   14.70381865    0.65203463  47.11410505   0.00001683   0.00005433 208.27929069  184.35382107
1303710937500.00   3.83549784   0.08000000   14.70464365    0.61367965  44.50938894   0.00001689   0.00005427 209.06835108  185.06163551
1308593750000.00   3.83116883   0.09500000   14.66882961    0.72792208  52.99297872   0.00001694   0.00005420 209.85740361  185.76947699
1313476562500.00   3.83116883   0.09500000   14.66882961    0.72792208  53.19071371   0.00001700   0.00005413 210.64644624  186.47734484
1318359375000.00   3.83116883   0.09000000   14.66975461    0.68961039  50.57853035   0.00001705   0.00005406 211.43547712  187.18523848
1323242187500.00   3.83116883   0.08000000   14.67145461    0.61298701  45.12520733   0.00001710   0.00005398 212.22449457  187.89315746
1328125000000.00   3.83116883   0.08000000   14.67145461    0.61298701  45.29172101   0.00001715   0.00005390 213.01349712  188.60110146
1333007812500.00   3.82683983   0.09000000   14.63660306    0.68883117  51.08272813   0.00001720   0.00005382 213.80248354  189.30907030
1337890625000.00   3.82683983   0.09000000   14.63660306    0.68883117  51.26984435   0.00001724   0.00005373 214.59145283  190.01706395
1342773437500.00   3.82683983   0.07500000   14.63907806    0.57402597  42.88080048   0.00001729   0.00005365 215.38040425  190.72508252
1347656250000.00   3.82683983   0.07500000   14.63907806    0.57402597  43.03673066   0.00001733   0.00005356 216.16933730  191.43312632
1352539062500.00   3.82251082   0.09000000   14.60348899    0.68805195  51.77256044   0.00001738   0.00005346 216.95825178  192.14119577
1357421875000.00   3.82251082   0.09000000   14.60348899    0.68805195  51.95946499   0.00001742   0.00005337 217.74714770  192.84929151
1362304687500.00   3.82251082   0.07000000   14.60668899    0.53515152  40.55828742   0.00001746   0.00005327 218.53602536  193.55741432
1367187500000.00   3.82251082   0.07000000   14.60668899    0.53515152  40.70365763   0.00001750   0.00005318 219.32488530  194.26556513
1372070312500.00   3.81818182   0.08500000   14.57128740    0.64909091  49.54621609   0.00001754   0.00005308 220.11372829  194.97374508
1376953125000.00   3.81818182   0.08500000   14.57128740    0.64909091  49.72253715   0.00001757   0.00005298 220.90255531  195.68195540
1381835937500.00   3.81818182   0.08500000   14.57128740    0.64909091  49.89885820   0.00001761   0.00005287 221.69136755  196.39019751
1386718750000.00   3.81818182   0.07000000   14.57361240    0.53454545  41.23838291   0.00001764   0.00005277 222.48016636  197.09847294
1391601562500.00   3.81818182   0.07000000   14.57361240    0.53454545  41.38358849   0.00001768   0.00005266 223.26895324  197.80678334
1396484375000.00   3.81385281   0.08000000   14.53907329    0.61021645  47.40766773   0.00001771   0.00005256 224.05772983  198.51513045
1401367187500.00   3.81385281   0.08000000   14.53907329    0.61021645  47.57342880   0.00001774   0.00005245 224.84649785  199.22351610
1406250000000.00   3.81385281   0.06500000   14.54124829    0.49580087  38.78809178   0.00001777   0.00005234 225.63525906  199.93194217
1411132812500.00   3.81385281   0.06500000   14.54124829    0.49580087  38.92277265   0.00001780   0.00005223 226.42401529  200.64041057
1416015625000.00   3.80952381   0.07500000   14.50684666    0.57142857  45.01513896   0.00001783   0.00005212 227.21276833  201.34892321
1420898437500.00   3.80952381   0.07500000   14.50684666    0.57142857  45.17036358   0.00001786   0.00005201 228.00151997  202.05748199
1425781250000.00   3.80952381   0.07000000   14.50757166    0.53333333  42.30388232   0.00001788   0.00005190 228.79027191  202.76608876
1430664062500.00   3.80952381   0.06500000   14.50824666    0.49523810  39.41670444   0.00001791   0.00005178 229.57902578  203.47474529
1435546875000.00   3.80952381   0.06500000   14.50824666    0.49523810  39.55123244   0.00001793   0.00005167 230.36778308  204.18345326
1440429687500.00   3.80519481   0.07500000   14.47388251    0.57077922  45.73922652   0.00001796   0.00005155 231.15654517  204.89221418
1445312500000.00   3.80519481   0.07500000   14.47388251    0.57077922  45.89427475   0.00001798   0.00005144 231.94531325  205.60102945
1450195312500.00   3.80519481   0.06000000   14.47590751    0.45662338  36.83945838   0.00001800   0.00005132 232.73408831  206.30990023
1455078125000.00   3.80519481   0.06000000   14.47590751    0.45662338  36.96349696   0.00001802   0.00005120 233.52287118  207.01882752
1459960937500.00   3.80086580   0.07500000   14.44095584    0.57012987  46.30667833   0.00001804   0.00005108 234.31166245  207.72781204
1464843750000.00   3.80086580   0.07500000   14.44095584    0.57012987  46.46155017   0.00001806   0.00005096 235.10046249  208.43685429
1469726562500.00   3.80086580   0.06500000   14.44235584    0.49411255  40.40089907   0.00001807   0.00005084 235.88927147  209.14595449
1474609375000.00   3.80086580   0.05500000   14.44355584    0.41809524  34.29894881   0.00001809   0.00005071 236.67808931  209.85511258
1479492187500.00   3.80086580   0.05500000   14.44355584    0.41809524  34.41252149   0.00001810   0.00005059 237.46691572  210.56432819
1484375000000.00   3.79653680   0.07000000   14.40879165    0.53151515  43.89225349   0.00001812   0.00005046 238.25575019  211.27360069
1489257812500.00   3.79653680   0.07000000   14.40879165    0.53151515  44.03663590   0.00001813   0.00005033 239.04459203  211.98292911
1494140625000.00   3.79653680   0.05500000   14.41066665    0.41761905  34.71365725   0.00001814   0.00005020 239.83344033  212.69231221
1499023437500.00   3.79653680   0.05500000   14.41066665    0.41761905  34.82710057   0.00001815   0.00005007 240.62229406  213.40174847
1503906250000.00   3.79220779   0.06500000   14.37661494    0.49298701  41.24628526   0.00001816   0.00004994 241.41115200  214.11123608
1508789062500.00   3.79220779   0.06500000   14.37661494    0.49298701  41.38020177   0.00001817   0.00004980 242.20001284  214.82077298
1513671875000.00   3.79220779   0.06500000   14.37661494    0.49298701  41.51411828   0.00001817   0.00004966 242.98887518  215.53035688
1518554687500.00   3.79220779   0.05500000   14.37781494    0.41714286  35.24064482   0.00001818   0.00004952 243.77773756  216.23998528
1523437500000.00   3.79220779   0.05500000   14.37781494    0.41714286  35.35395879   0.00001818   0.00004938 244.56659848  216.94965553
1528320312500.00   3.78787879   0.06500000   14.34380071    0.49242424  41.86801865   0.00001818   0.00004924 245.35545647  217.65936481
1533203125000.00   3.78787879   0.06500000   14.34380071    0.49242424  42.00178229   0.00001819   0.00004909 246.14431010  218.36911022
1538085937500.00   3.78787879   0.05000000   14.34552571    0.37878788  32.41195840   0.00001819   0.00004895 246.93315803  219.07888880
1542968750000.00   3.78787879   0.05000000   14.34552571    0.37878788  32.51485351   0.00001819   0.00004880 247.72199904  219.78869760
1547851562500.00   3.78354978   0.06500000   14.31102396    0.49186147  42.35461254   0.00001819   0.00004865 248.51083206  220.49853370
1552734375000.00   3.78354978   0.06500000   14.31102396    0.49186147  42.48822331   0.00001819   0.00004850 249.29965623  221.20839427
1557617187500.00   3.78354978   0.06500000   14.31102396    0.49186147  42.62183407   0.00001818   0.00004834 250.08847091  221.91827663
1562500000000.00   3.78354978   0.04500000   14.31322396    0.34051948  29.59992335   0.00001818   0.00004819 250.87727576  222.62817833
1567382812500.00   3.78354978   0.05000000   14.31274896    0.37835498  32.99158123   0.00001818   0.00004804 251.66607072  223.33809713
1572265625000.00   3.77922078   0.06000000   14.27890970    0.45350649  39.66779202   0.00001817   0.00004788 252.45485605  224.04803114
1577148437500.00   3.77922078   0.06000000   14.27890970    0.45350649  39.79098392   0.00001817   0.00004773 253.24363241  224.75797881
1582031250000.00   3.77922078   0.05500000   14.27948470    0.41571429  36.58799450   0.00001817   0.00004757 254.03240083  225.46793903
1586914062500.00   3.77922078   0.04500000   14.28048470    0.34012987  30.02802579   0.00001816   0.00004742 254.82116273  226.17791114
1591796875000.00   3.77922078   0.04500000   14.28048470    0.34012987  30.12041971   0.00001816   0.00004726 255.60992000  226.88789498
1596679687500.00   3.77489177   0.06000000   14.24620791    0.45298701  40.23760747   0.00001815   0.00004711 256.39867495  227.59789094
1601562500000.00   3.77489177   0.06000000   14.24620791    0.45298701  40.36065826   0.00001815   0.00004696 257.18743032  228.30790001
1606445312500.00   3.77489177   0.04500000   14.24778291    0.33974026  30.36278179   0.00001815   0.00004681 257.97618935  229.01792378
1611328125000.00   3.77489177   0.04500000   14.24778291    0.33974026  30.45506988   0.00001815   0.00004666 258.76495569  229.72796447
1616210937500.00   3.77489177   0.04500000   14.24778291    0.33974026  30.54735797   0.00001814   0.00004651 259.55373348  230.43802494
1621093750000.00   3.77056277   0.05500000   14.21411861    0.41476190  37.40551082   0.00001814   0.00004637 260.34252727  231.14810871
1625976562500.00   3.77056277   0.05500000   14.21411861    0.41476190  37.51817802   0.00001814   0.00004623 261.13134203  231.85821995
1630859375000.00   3.77056277   0.04500000   14.21511861    0.33935065  30.78887336   0.00001814   0.00004609 261.92018314  232.56836349
1635742187500.00   3.77056277   0.04500000   14.21511861    0.33935065  30.88105562   0.00001814   0.00004595 262.70905636  233.27854473
1640625000000.00   3.77056277   0.04000000   14.21554361    0.30164502  27.53176700   0.00001815   0.00004582 263.49796776  233.98876971
1645507812500.00   3.76623377   0.05500000   14.18149178    0.41428571  37.92525458   0.00001815   0.00004569 264.28692375  234.69904499
1650390625000.00   3.76623377   0.05500000   14.18149178    0.41428571  38.03779242   0.00001815   0.00004557 265.07593099  235.40937764
1655273437500.00   3.76623377   0.04000000   14.18291678    0.30129870  27.74569474   0.00001816   0.00004545 265.86499635  236.11977521
1660156250000.00   3.76623377   0.04000000   14.18291678    0.30129870  27.82754045   0.00001817   0.00004533 266.65412690  236.83024559
1665039062500.00   3.76623377   0.04000000   14.18291678    0.30129870  27.90938616   0.00001817   0.00004522 267.44332981  237.54079703
1669921875000.00   3.76190476   0.05500000   14.14890244    0.41380952  38.44370480   0.00001818   0.00004511 268.23261234  238.25143801
1674804687500.00   3.76190476   0.05000000   14.14942744    0.37619048  35.05101208   0.00001819   0.00004501 269.02198177  238.96217719
1679687500000.00   3.76190476   0.04500000   14.14990244    0.33857143  31.63788146   0.00001821   0.00004491 269.81144535  239.67302331
1684570312500.00   3.76190476   0.04000000   14.15032744    0.30095238  28.20431293   0.00001822   0.00004481 270.60101025  240.38398512
1689453125000.00   3.76190476   0.04000000   14.15032744    0.30095238  28.28606456   0.00001823   0.00004472 271.39068349  241.09507128
1694335937500.00   3.75757576   0.05000000   14.11687557    0.37575758  35.41896498   0.00001825   0.00004463 272.18047193  241.80629032
1699218750000.00   3.75757576   0.05000000   14.11687557    0.37575758  35.52103693   0.00001827   0.00004455 272.97038217  242.51765050
1704101562500.00   3.75757576   0.05000000   14.11687557    0.37575758  35.62310887   0.00001828   0.00004447 273.76042056  243.22915977
1708984375000.00   3.75757576   0.03500000   14.11815057    0.26303030  25.00762657   0.00001830   0.00004439 274.55059312  243.94082570
1713867187500.00   3.75757576   0.03500000   14.11815057    0.26303030  25.07907693   0.00001832   0.00004432 275.34090551  244.65265541
1718750000000.00   3.75324675   0.05000000   14.08436119    0.37532468  35.88793148   0.00001834   0.00004425 276.13136302  245.36465549
1723632812500.00   3.75324675   0.05000000   14.08436119    0.37532468  35.98988583   0.00001837   0.00004418 276.92197050  246.07683197
1728515625000.00   3.75324675   0.05000000   14.08436119    0.37532468  36.09184018   0.00001839   0.00004411 277.71273237  246.78919028
1733398437500.00   3.75324675   0.03500000   14.08563619    0.26272727  25.33565617   0.00001841   0.00004405 278.50365259  247.50173519
1738281250000.00   3.75324675   0.03500000   14.08563619    0.26272727  25.40702422   0.00001844   0.00004399 279.29473466  248.21447083
1743164062500.00   3.75324675   0.03500000   14.08563619    0.26272727  25.47839226   0.00001846   0.00004393 280.08598158  248.92740060
1748046875000.00   3.74891775   0.05000000   14.05188429    0.37489177  36.45755878   0.00001848   0.00004387 280.87739589  249.64052724
1752929687500.00   3.74891775   0.05000000   14.05188429    0.37489177  36.55939554   0.00001851   0.00004381 281.66897964  250.35385278
1757812500000.00   3.74891775   0.04500000   14.05235929    0.33740260  32.99510907   0.00001853   0.00004375 282.46073442  251.06737856
1762695312500.00   3.74891775   0.03000000   14.05348429    0.22493506  22.05784143   0.00001856   0.00004369 283.25266133  251.78110526
1767578125000.00   3.74891775   0.03500000   14.05315929    0.26242424  25.80543407   0.00001858   0.00004363 284.04476107  252.49503292
1772460937500.00   3.74458874   0.04500000   14.01991987    0.33701299  33.23165022   0.00001861   0.00004358 284.83703388  253.20916094
1777343750000.00   3.74458874   0.04500000   14.01991987    0.33701299  33.32319746   0.00001863   0.00004352 285.62947964  253.92348817
1782226562500.00   3.74458874   0.04500000   14.01991987    0.33701299  33.41474471   0.00001865   0.00004346 286.42209783  254.63801291
1787109375000.00   3.74458874   0.03000000   14.02104487    0.22467532  22.33752797   0.00001868   0.00004339 287.21488761  255.35273296
1791992187500.00   3.74458874   0.03500000   14.02071987    0.26212121  26.13165271   0.00001870   0.00004333 288.00784781  256.06764571
1796875000000.00   3.74458874   0.03000000   14.02104487    0.22467532  22.45959096   0.00001872   0.00004326 288.80097701  256.78274812
1801757812500.00   3.74025974   0.04000000   13.98794292    0.29922078  29.99278274   0.00001874   0.00004320 289.59427354  257.49803686
1806640625000.00   3.74025974   0.04000000   13.98794292    0.29922078  30.07406400   0.00001876   0.00004313 290.38773554  258.21350830
1811523437500.00   3.74025974   0.04000000   13.98794292    0.29922078  30.15534525   0.00001878   0.00004305 291.18136097  258.92915859
1816406250000.00   3.74025974   0.03000000   13.98864292    0.22441558  22.67746988   0.00001880   0.00004298 291.97514768  259.64498373
1821289062500.00   3.74025974   0.03000000   13.98864292    0.22441558  22.73843082   0.00001882   0.00004290 292.76909342  260.36097959
1826171875000.00   3.74025974   0.03000000   13.98864292    0.22441558  22.79939176   0.00001883   0.00004282 293.56319589  261.07714202
1831054687500.00   3.73593074   0.04000000   13.95557846    0.29887446  30.44519195   0.00001885   0.00004274 294.35745277  261.79346685
1835937500000.00   3.73593074   0.04000000   13.95557846    0.29887446  30.52637913   0.00001886   0.00004265 295.15186176  262.50994995
1840820312500.00   3.73593074   0.04000000   13.95557846    0.29887446  30.60756630   0.00001887   0.00004256 295.94642059  263.22658732
1845703125000.00   3.73593074   0.03000000   13.95627846    0.22415584  23.01656511   0.00001888   0.00004247 296.74112708  263.94337507
1850585937500.00   3.73593074   0.02500000   13.95655346    0.18679654  19.23121291   0.00001889   0.00004238 297.53597914  264.66030952
1855468750000.00   3.73160173   0.04000000   13.92325148    0.29852814  30.81537914   0.00001890   0.00004228 298.33097480  265.37738718
1860351562500.00   3.73160173   0.04000000   13.92325148    0.29852814  30.89647224   0.00001891   0.00004218 299.12611225  266.09460483
1865234375000.00   3.73160173   0.04000000   13.92325148    0.29852814  30.97756535   0.00001891   0.00004208 299.92138983  266.81195952
1870117187500.00   3.73160173   0.03000000   13.92395148    0.22389610  23.29399384   0.00001892   0.00004197 300.71680605  267.52944861
1875000000000.00   3.73160173   0.02500000   13.92422648    0.18658009  19.46234472   0.00001892   0.00004187 301.51235963  268.24706976
1879882812500.00   3.73160173   0.02500000   13.92422648    0.18658009  19.51302791   0.00001892   0.00004176 302.30804945  268.96482098
1884765625000.00   3.73160173   0.02500000   13.92422648    0.18658009  19.56371110   0.00001892   0.00004164 303.10387460  269.68270061
1889648437500.00   3.72727273   0.03500000   13.89133698    0.26090909  27.42829568   0.00001892   0.00004153 303.89983439  270.40070733
1894531250000.00   3.72727273   0.03500000   13.89133698    0.26090909  27.49916983   0.00001892   0.00004141 304.69592829  271.11884017
1899414062500.00   3.72727273   0.03500000   13.89133698    0.26090909  27.57004398   0.00001891   0.00004129 305.49215598  271.83709849
1904296875000.00   3.72727273   0.02500000   13.89193698    0.18636364  19.74351295   0.00001891   0.00004117 306.28851731  272.55548197
1909179687500.00   3.72727273   0.02500000   13.89193698    0.18636364  19.79413734   0.00001890   0.00004104 307.08501230  273.27399061
1914062500000.00   3.72727273   0.02500000   13.89193698    0.18636364  19.84476173   0.00001890   0.00004092 307.88164112  273.99262469
1918945312500.00   3.72294372   0.03500000   13.85908496    0.26060606  27.82119035   0.00001889   0.00004079 308.67840406  274.71138477
1923828125000.00   3.72294372   0.03500000   13.85908496    0.26060606  27.89198218   0.00001888   0.00004066 309.47530157  275.43027165
1928710937500.00   3.72294372   0.03500000   13.85908496    0.26060606  27.96277402   0.00001887   0.00004053 310.27233413  276.14928636
1933593750000.00   3.72294372   0.02500000   13.85968496    0.18614719  20.02397561   0.00001885   0.00004039 311.06950236  276.86843009
1938476562500.00   3.72294372   0.02500000   13.85968496    0.18614719  20.07454120   0.00001884   0.00004026 311.86680687  277.58770423
1943359375000.00   3.72294372   0.02000000   13.85990996    0.14891775  16.10008544   0.00001882   0.00004012 312.66424835  278.30711025
1948242187500.00   3.71861472   0.03500000   13.82687043    0.26030303  28.21309723   0.00001881   0.00003998 313.46182746  279.02664974
1953125000000.00   3.71861472   0.03500000   13.82687043    0.26030303  28.28380675   0.00001879   0.00003984 314.25954485  279.74632435
1958007812500.00   3.71861472   0.03500000   13.82687043    0.26030303  28.35451626   0.00001877   0.00003970 315.05740114  280.46613575
1962890625000.00   3.71861472   0.03500000   13.82687043    0.26030303  28.42522578   0.00001875   0.00003955 315.85539687  281.18608559
1967773437500.00   3.71861472   0.02000000   13.82769543    0.14874459  16.28339160   0.00001873   0.00003941 316.65353251  281.90617551
1972656250000.00   3.71861472   0.02000000   13.82769543    0.14874459  16.32379704   0.00001871   0.00003926 317.45180845  282.62640708
1977539062500.00   3.71861472   0.02000000   13.82769543    0.14874459  16.36420248   0.00001869   0.00003911 318.25022494  283.34678175
1982421875000.00   3.71428571   0.03000000   13.79501837    0.22285714  24.57826587   0.00001866   0.00003896 319.04878213  284.06730089
1987304687500.00   3.71428571   0.03000000   13.79501837    0.22285714  24.63880347   0.00001864   0.00003881 319.84748001  284.78796572
1992187500000.00   3.71428571   0.03000000   13.79501837    0.22285714  24.69934107   0.00001861   0.00003866 320.64631846  285.50877728
1997070312500.00   3.71428571   0.02000000   13.79551837    0.14857143  16.50658578   0.00001858   0.00003850 321.44529720  286.22973648
2001953125000.00   3.71428571   0.02000000   13.79551837    0.14857143  16.54694418   0.00001856   0.00003835 322.24441580  286.95084400
2006835937500.00   3.71428571   0.02000000   13.79551837    0.14857143  16.58730258   0.00001853   0.00003819 323.04367370  287.67210036
2011718750000.00   3.71428571   0.02000000   13.79551837    0.14857143  16.62766098   0.00001849   0.00003803 323.84307021  288.39350586
2016601562500.00   3.70995671   0.03000000   13.76287879    0.22259740  24.97288918   0.00001846   0.00003787 324.64260449  289.11506061
2021484375000.00   3.70995671   0.03000000   13.76287879    0.22259740  25.03335623   0.00001843   0.00003771 325.44227563  289.83676452
2026367187500.00   3.70995671   0.03000000   13.76287879    0.22259740  25.09382327   0.00001839   0.00003754 326.24208257  290.55861729
2031250000000.00   3.70995671   0.02000000   13.76337879    0.14839827  16.76952688   0.00001836   0.00003738 327.04202420  291.28061845
2036132812500.00   3.70995671   0.02000000   13.76337879    0.14839827  16.80983824   0.00001832   0.00003721 327.84209936  292.00276735
2041015625000.00   3.70995671   0.01500000   13.76355379    0.11129870  12.63761220   0.00001828   0.00003704 328.64230681  292.72506317
2045898437500.00   3.70995671   0.01500000   13.76355379    0.11129870  12.66784572   0.00001824   0.00003687 329.44264533  293.44750496
2050781250000.00   3.70562771   0.03000000   13.73077669    0.22233766  25.36652470   0.00001820   0.00003670 330.24311370  294.17009163
2055664062500.00   3.70562771   0.03000000   13.73077669    0.22233766  25.42692119   0.00001816   0.00003653 331.04371073  294.89282199
2060546875000.00   3.70562771   0.03000000   13.73077669    0.22233766  25.48731768   0.00001811   0.00003636 331.84443530  295.61569478
2065429687500.00   3.70562771   0.03000000   13.73077669    0.22233766  25.54771416   0.00001807   0.00003618 332.64528637  296.33870865
2070312500000.00   3.70562771   0.01500000   13.73145169    0.11116883  12.80405533   0.00001802   0.00003601 333.44626303  297.06186225
2075195312500.00   3.70562771   0.01500000   13.73145169    0.11116883  12.83425357   0.00001797   0.00003583 334.24736449  297.78515421
2080078125000.00   3.70562771   0.01500000   13.73145169    0.11116883  12.86445181   0.00001793   0.00003565 335.04859016  298.50858316
2084960937500.00   3.70129870   0.02500000   13.69898708    0.18506494  21.46597702   0.00001788   0.00003547 335.84993960  299.23214781
2089843750000.00   3.70129870   0.02500000   13.69898708    0.18506494  21.51624863   0.00001783   0.00003529 336.65141262  299.95584692
2094726562500.00   3.70129870   0.02500000   13.69898708    0.18506494  21.56652024   0.00001778   0.00003511 337.45300923  300.67967933
2099609375000.00   3.70129870   0.02500000   13.69898708    0.18506494  21.61679185   0.00001772   0.00003493 338.25472972  301.40364403
2104492187500.00   3.70129870   0.01500000   13.69938708    0.11103896  13.00023807   0.00001767   0.00003474 339.05657460  302.12774012
2109375000000.00   3.70129870   0.01500000   13.69938708    0.11103896  13.03040104   0.00001762   0.00003456 339.85854470  302.85196689
2114257812500.00   3.70129870   0.01500000   13.69938708    0.11103896  13.06056401   0.00001756   0.00003438 340.66064108  303.57632378
2119140625000.00   3.70129870   0.01500000   13.69938708    0.11103896  13.09072697   0.00001750   0.00003419 341.46286514  304.30081043
2124023437500.00   3.69696970   0.02500000   13.66695994    0.18484848  21.84257311   0.00001745   0.00003400 342.26521851  305.02542672
2128906250000.00   3.69696970   0.02500000   13.66695994    0.18484848  21.89278592   0.00001739   0.00003382 343.06770313  305.75017271
2133789062500.00   3.69696970   0.02500000   13.66695994    0.18484848  21.94299873   0.00001733   0.00003363 343.87032122  306.47504870
2138671875000.00   3.69696970   0.02000000   13.66718494    0.14787879  17.59456924   0.00001727   0.00003344 344.67307524  307.20005525
2143554687500.00   3.69696970   0.01000000   13.66748494    0.07393939   8.81736974   0.00001722   0.00003325 345.47596791  307.92519311
2148437500000.00   3.69696970   0.01000000   13.66748494    0.07393939   8.83745487   0.00001716   0.00003306 346.27900218  308.65046331
2153320312500.00   3.69696970   0.01500000   13.66735994    0.11090909  13.28630999   0.00001709   0.00003287 347.08218120  309.37586708
2158203125000.00   3.69264069   0.02500000   13.63497028    0.18463203  22.16807443   0.00001703   0.00003268 347.88550833  310.10140591
2163085937500.00   3.69264069   0.02500000   13.63497028    0.18463203  22.21822844   0.00001697   0.00003249 348.68898706  310.82708147
2167968750000.00   3.69264069   0.02500000   13.63497028    0.18463203  22.26838246   0.00001691   0.00003230 349.49262101  311.55289568
2172851562500.00   3.69264069   0.02000000   13.63519528    0.14770563  17.85482918   0.00001685   0.00003211 350.29641392  312.27885063
2177734375000.00   3.69264069   0.01000000   13.63549528    0.07385281   8.94747619   0.00001678   0.00003192 351.10036959  313.00494859
2182617187500.00   3.69264069   0.01500000   13.63537028    0.11077922  13.45130670   0.00001672   0.00003172 351.90449184  313.73119201
2187500000000.00   3.69264069   0.01000000   13.63549528    0.07385281   8.98759941   0.00001666   0.00003153 352.70878450  314.45758347
2192382812500.00   3.69264069   0.01000000   13.63549528    0.07385281   9.00766101   0.00001659   0.00003133 353.51325135  315.18412567
2197265625000.00   3.69264069   0.01000000   13.63549528    0.07385281   9.02772262   0.00001652   0.00003114 354.31789614  315.91082144
2202148437500.00   3.68831169   0.02000000   13.60324311    0.14753247  18.07435442   0.00001646   0.00003094 355.12272249  316.63767367
2207031250000.00   3.68831169   0.02000000   13.60324311    0.14753247  18.11443059   0.00001639   0.00003074 355.92773389  317.36468530
2211914062500.00   3.68831169   0.02000000   13.60324311    0.14753247  18.15450676   0.00001633   0.00003055 356.73293369  318.09185934
2216796875000.00   3.68831169   0.02000000   13.60324311    0.14753247  18.19458294   0.00001626   0.00003035 357.53832503  318.81919880
2221679687500.00   3.68831169   0.01000000   13.60354311    0.07376623   9.11732956   0.00001619   0.00003015 358.34391087  319.54670666
2226562500000.00   3.68831169   0.01000000   13.60354311    0.07376623   9.13736764   0.00001612   0.00002995 359.14969391  320.27438591
2231445312500.00   3.68831169   0.01000000   13.60354311    0.07376623   9.15740573   0.00001605   0.00002975 359.95567661  321.00223946
2236328125000.00   3.68831169   0.01000000   13.60354311    0.07376623   9.17744382   0.00001598   0.00002955 360.76186118  321.73027018
2241210937500.00   3.68398268   0.02000000   13.57132842    0.14735931  18.37337347   0.00001591   0.00002934 361.56824954  322.45848083
2246093750000.00   3.68398268   0.02000000   13.57132842    0.14735931  18.41340261   0.00001584   0.00002914 362.37484330  323.18687408
2250976562500.00   3.68398268   0.02000000   13.57132842    0.14735931  18.45343175   0.00001577   0.00002894 363.18164383  323.91545247
2255859375000.00   3.68398268   0.02000000   13.57132842    0.14735931  18.49346088   0.00001569   0.00002873 363.98865218  324.64421843
2260742187500.00   3.68398268   0.02000000   13.57132842    0.14735931  18.53349002   0.00001562   0.00002853 364.79586910  325.37317423
2265625000000.00   3.68398268   0.01000000   13.57162842    0.07367965   9.28675958   0.00001555   0.00002832 365.60329508  326.10232198
2270507812500.00   3.68398268   0.01000000   13.57162842    0.07367965   9.30677415   0.00001547   0.00002811 366.41093033  326.83166366
2275390625000.00   3.68398268   0.01000000   13.57162842    0.07367965   9.32678871   0.00001540   0.00002790 367.21877478  327.56120105
2280273437500.00   3.68398268   0.01000000   13.57162842    0.07367965   9.34680328   0.00001532   0.00002769 368.02682814  328.29093579
2285156250000.00   3.67965368   0.02000000   13.53945120    0.14718615  18.71162203   0.00001524   0.00002748 368.83508986  329.02086931
2290039062500.00   3.67965368   0.02000000   13.53945120    0.14718615  18.75160412   0.00001516   0.00002727 369.64355920  329.75100292
2294921875000.00   3.67965368   0.01500000   13.53962620    0.11038961  14.09368967   0.00001508   0.00002706 370.45223521  330.48133771
2299804687500.00   3.67965368   0.01500000   13.53962620    0.11038961  14.12367624   0.00001500   0.00002685 371.26111678  331.21187464
2304687500000.00   3.67965368   0.01500000   13.53962620    0.11038961  14.15366281   0.00001492   0.00002663 372.07020266  331.94261449
2309570312500.00   3.67965368   0.01000000   13.53975120    0.07359307   9.45576626   0.00001484   0.00002642 372.87949147  332.67355789
2314453125000.00   3.67965368   0.00500000   13.53982620    0.03679654   4.73787865   0.00001475   0.00002620 373.68898174  333.40470533
2319335937500.00   3.67965368   0.00500000   13.53982620    0.03679654   4.74787418   0.00001467   0.00002599 374.49867191  334.13605716
2324218750000.00   3.67965368   0.00500000   13.53982620    0.03679654   4.75786970   0.00001458   0.00002577 375.30856041  334.86761359
2329101562500.00   3.67965368   0.00500000   13.53982620    0.03679654   4.76786523   0.00001450   0.00002555 376.11864562  335.59937475
2333984375000.00   3.67532468   0.02000000   13.50761147    0.14701299  19.08895896   0.00001441   0.00002533 376.92892593  336.33134064
2338867187500.00   3.67532468   0.02000000   13.50761147    0.14701299  19.12889402   0.00001432   0.00002511 377.73939975  337.06351118
2343750000000.00   3.67532468   0.02000000   13.50761147    0.14701299  19.16882908   0.00001423   0.00002489 378.55006554  337.79588621
2348632812500.00   3.67532468   0.02000000   13.50761147    0.14701299  19.20876414   0.00001414   0.00002467 379.36092182  338.52846549
2353515625000.00   3.67532468   0.02000000   13.50761147    0.14701299  19.24869920   0.00001405   0.00002445 380.17196720  339.26124876
2358398437500.00   3.67532468   0.00500000   13.50798647    0.03675325   4.82215857   0.00001396   0.00002423 380.98320036  339.99423570
2363281250000.00   3.67532468   0.00500000   13.50798647    0.03675325   4.83214233   0.00001386   0.00002400 381.79462012  340.72742596
2368164062500.00   3.67532468   0.00500000   13.50798647    0.03675325   4.84212610   0.00001377   0.00002378 382.60622539  341.46081916
2373046875000.00   3.67532468   0.00500000   13.50798647    0.03675325   4.85210986   0.00001367   0.00002355 383.41801523  342.19441495
2377929687500.00   3.67532468   0.00500000   13.50798647    0.03675325   4.86209363   0.00001357   0.00002333 384.22998881  342.92821292
2382812500000.00   3.67099567   0.01500000   13.47598422    0.11012987  14.59901635   0.00001348   0.00002310 385.04214543  343.66221271
2387695312500.00   3.67099567   0.01500000   13.47598422    0.11012987  14.62893237   0.00001338   0.00002287 385.85448453  344.39641395
2392578125000.00   3.67099567   0.01500000   13.47598422    0.11012987  14.65884839   0.00001328   0.00002264 386.66700570  345.13081626
2397460937500.00   3.67099567   0.01500000   13.47598422    0.11012987  14.68876440   0.00001317   0.00002241 387.47970860  345.86541930
2402343750000.00   3.67099567   0.01500000   13.47598422    0.11012987  14.71868042   0.00001307   0.00002218 388.29259305  346.60022273
2407226562500.00   3.67099567   0.00500000   13.47618422    0.03670996   4.91619881   0.00001297   0.00002195 389.10565896  347.33522619
2412109375000.00   3.67099567   0.00500000   13.47618422    0.03670996   4.92617082   0.00001286   0.00002171 389.91890631  348.07042933
2416992187500.00   3.67099567   0.00500000   13.47618422    0.03670996   4.93614282   0.00001275   0.00002148 390.73233520  348.80583180
2421875000000.00   3.67099567   0.00000000   13.47620922    0.00000000   0.00000000   0.00001265   0.00002124 391.54594575  349.54143321
2426757812500.00   3.67099567   0.00000000   13.47620922    0.00000000   0.00000000   0.00001254   0.00002100 392.35973815  350.27723312
2431640625000.00   3.66666667   0.01500000   13.44421944    0.11000000  14.88060792   0.00001242   0.00002076 393.17371259  351.01323107
2436523437500.00   3.66666667   0.01500000   13.44421944    0.11000000  14.91048866   0.00001231   0.00002053 393.98786929  351.74942649
2441406250000.00   3.66666667   0.01500000   13.44421944    0.11000000  14.94036940   0.00001220   0.00002028 394.80220842  352.48581873
2446289062500.00   3.66666667   0.01500000   13.44421944    0.11000000  14.97025014   0.00001208   0.00002004 395.61673015  353.22240705
2451171875000.00   3.66666667   0.01500000   13.44421944    0.11000000  15.00013087   0.00001197   0.00001980 396.43143457  353.95919053
2456054687500.00   3.66666667   0.00000000   13.44444444    0.00000000   0.00000000   0.00001185   0.00001956 397.24632168  354.69616813
2460937500000.00   3.66666667   0.00000000   13.44444444    0.00000000   0.00000000   0.00001173   0.00001931 398.06139141  355.43333861
2465820312500.00   3.66666667   0.00000000   13.44444444    0.00000000   0.00000000   0.00001161   0.00001907 398.87664352  356.17070052
2470703125000.00   3.66666667   0.00000000   13.44444444    0.00000000   0.00000000   0.00001149   0.00001882 399.69207767  356.90825218
2475585937500.00   3.66666667   0.00000000   13.44444444    0.00000000   0.00000000   0.00001136   0.00001857 400.50769333  357.64599166
2480468750000.00   3.66666667   0.00000000   13.44444444    0.00000000   0.00000000   0.00001124   0.00001832 401.32348982  358.38391675
2485351562500.00   3.66233766   0.01000000   13.41261715    0.07324675  10.12755959   0.00001111   0.00001807 402.13946622  359.12202494
2490234375000.00   3.66233766   0.01000000   13.41261715    0.07324675  10.14745656   0.00001098   0.00001782 402.95562143  359.86031342
2495117187500.00   3.66233766   0.01000000   13.41261715    0.07324675  10.16735353   0.00001086   0.00001757 403.77195412  360.59877905
2500000000000.00   3.66233766   0.01000000   13.41261715    0.07324675  10.18725051   0.00001073   0.00001732 404.58846271  361.33741832
2504882812500.00   3.66233766   0.01000000   13.41261715    0.07324675  10.20714748   0.00001059   0.00001707 405.40514537  362.07622741
2509765625000.00   3.66233766   0.00000000   13.41271715    0.00000000   0.00000000   0.00001046   0.00001682 406.22200003  362.81520214
2514648437500.00   3.66233766   0.00000000   13.41271715    0.00000000   0.00000000   0.00001033   0.00001657 407.03902434  363.55433798
2519531250000.00   3.66233766   0.00000000   13.41271715    0.00000000   0.00000000   0.00001019   0.00001632 407.85621570  364.29363006
2524414062500.00   3.66233766   0.00000000   13.41271715    0.00000000   0.00000000   0.00001006   0.00001607 408.67357121  365.03307319
2529296875000.00   3.66233766   0.00000000   13.41271715    0.00000000   0.00000000   0.00000992   0.00001581 409.49108774  365.77266186
2534179687500.00   3.65800866   0.01500000   13.38080234    0.10974026  15.47148454   0.00000978   0.00001556 410.30876186  366.51239030
2539062500000.00   3.65800866   0.01500000   13.38080234    0.10974026  15.50129472   0.00000965   0.00001531 411.12658991  367.25225247
2543945312500.00   3.65800866   0.01000000   13.38092734    0.07316017  10.35406993   0.00000951   0.00001506 411.94456795  367.99224213
2548828125000.00   3.65800866   0.01000000   13.38092734    0.07316017  10.37394339   0.00000937   0.00001481 412.76269181  368.73235288
2553710937500.00   3.65800866   0.01000000   13.38092734    0.07316017  10.39381684   0.00000923   0.00001457 413.58095711  369.47257818
2558593750000.00   3.65800866   0.01000000   13.38092734    0.07316017  10.41369030   0.00000909   0.00001432 414.39935922  370.21291145
2563476562500.00   3.65800866   0.00000000   13.38102734    0.00000000   0.00000000   0.00000895   0.00001407 415.21789334  370.95334609
2568359375000.00   3.65800866   0.00000000   13.38102734    0.00000000   0.00000000   0.00000880   0.00001382 416.03655451  371.69387555
2573242187500.00   3.65800866   0.00000000   13.38102734    0.00000000   0.00000000   0.00000866   0.00001358 416.85533758  372.43449344
2578125000000.00   3.65800866   0.00000000   13.38102734    0.00000000   0.00000000   0.00000852   0.00001334 417.67423730  373.17519352
2583007812500.00   3.65800866   0.00000000   13.38102734    0.00000000   0.00000000   0.00000838   0.00001309 418.49324835  373.91596985
2587890625000.00   3.65800866   0.00000000   13.38102734    0.00000000   0.00000000   0.00000824   0.00001285 419.31236530  374.65681678
2592773437500.00   3.65367965   0.01000000   13.34927501    0.07307359  10.54031595   0.00000810   0.00001261 420.13158273  375.39772910
2597656250000.00   3.65367965   0.01000000   13.34927501    0.07307359  10.56016589   0.00000796   0.00001238 420.95089521  376.13870204
2602539062500.00   3.65367965   0.01000000   13.34927501    0.07307359  10.58001583   0.00000782   0.00001214 421.77029735  376.87973137
2607421875000.00   3.65367965   0.01000000   13.34927501    0.07307359  10.59986576   0.00000768   0.00001191 422.58978387  377.62081342
2612304687500.00   3.65367965   0.01000000   13.34927501    0.07307359  10.61971570   0.00000754   0.00001167 423.40934958  378.36194518
2617187500000.00   3.65367965   0.01000000   13.34927501    0.07307359  10.63956563   0.00000741   0.00001144 424.22898950  379.10312430
2622070312500.00   3.65367965   0.00000000   13.34937501    0.00000000   0.00000000   0.00000727   0.00001122 425.04869884  379.84434915
2626953125000.00   3.65367965   0.00000000   13.34937501    0.00000000   0.00000000   0.00000714   0.00001099 425.86847305  380.58561882
2631835937500.00   3.65367965   0.00000000   13.34937501    0.00000000   0.00000000   0.00000700   0.00001077 426.68830791  381.32693318
2636718750000.00   3.65367965   0.00000000   13.34937501    0.00000000   0.00000000   0.00000687   0.00001054 427.50819953  382.06829283
2641601562500.00   3.65367965   0.00000000   13.34937501    0.00000000   0.00000000   0.00000674   0.00001033 428.32814438  382.80969913
2646484375000.00   3.65367965   0.00000000   13.34937501    0.00000000   0.00000000   0.00000661   0.00001011 429.14813940  383.55115418
2651367187500.00   3.65367965   0.00000000   13.34937501    0.00000000   0.00000000   0.00000648   0.00000989 429.96818194  384.29266077
2656250000000.00   3.64935065   0.01000000   13.31766016    0.07298701  10.78557085   0.00000635   0.00000968 430.78826987  385.03422236
2661132812500.00   3.64935065   0.01000000   13.31766016    0.07298701  10.80539727   0.00000623   0.00000947 431.60840159  385.77584302
2666015625000.00   3.64935065   0.00500000   13.31773516    0.03649351   5.41261184   0.00000610   0.00000927 432.42857603  386.51752737
2670898437500.00   3.64935065   0.00500000   13.31773516    0.03649351   5.42252505   0.00000598   0.00000906 433.24879272  387.25928050
2675781250000.00   3.64935065   0.00500000   13.31773516    0.03649351   5.43243826   0.00000586   0.00000886 434.06905176  388.00110790
2680664062500.00   3.64935065   0.00500000   13.31773516    0.03649351   5.44235147   0.00000574   0.00000866 434.88935386  388.74301537
2685546875000.00   3.64935065   0.00000000   13.31776016    0.00000000   0.00000000   0.00000562   0.00000847 435.70970033  389.48500894
2690429687500.00   3.64935065   0.00000000   13.31776016    0.00000000   0.00000000   0.00000551   0.00000827 436.53009310  390.22709475
2695312500000.00   3.64935065   0.00000000   13.31776016    0.00000000   0.00000000   0.00000539   0.00000808 437.35053469  390.96927896
2700195312500.00   3.64935065   0.00000000   13.31776016    0.00000000   0.00000000   0.00000528   0.00000790 438.17102818  391.71156768
2705078125000.00   3.64935065   0.00000000   13.31776016    0.00000000   0.00000000   0.00000517   0.00000771 438.99157726  392.45396683
2709960937500.00   3.64935065   0.00000000   13.31776016    0.00000000   0.00000000   0.00000506   0.00000753 439.81218612  393.19648207
2714843750000.00   3.64935065   0.00000000   13.31776016    0.00000000   0.00000000   0.00000496   0.00000735 440.63285945  393.93911874
2719726562500.00   3.64502165   0.01000000   13.28608279    0.07290043  11.03021425   0.00000485   0.00000718 441.45360241  394.68188174
2724609375000.00   3.64502165   0.01000000   13.28608279    0.07290043  11.05001715   0.00000475   0.00000700 442.27442057  395.42477550
2729492187500.00   3.64502165   0.01000000   13.28608279    0.07290043  11.06982005   0.00000464   0.00000684 443.09531987  396.16780392
2734375000000.00   3.64502165   0.01000000   13.28608279    0.07290043  11.08962295   0.00000454   0.00000667 443.91630655  396.91097033
2739257812500.00   3.64502165   0.01000000   13.28608279    0.07290043  11.10942585   0.00000444   0.00000651 444.73738711  397.65427747
2744140625000.00   3.64502165   0.01000000   13.28608279    0.07290043  11.12922874   0.00000435   0.00000635 445.55856822  398.39772747
2749023437500.00   3.64502165   0.00000000   13.28618279    0.00000000   0.00000000   0.00000425   0.00000619 446.37985670  399.14132191
2753906250000.00   3.64502165   0.00000000   13.28618279    0.00000000   0.00000000   0.00000416   0.00000604 447.20125940  399.88506180
2758789062500.00   3.64502165   0.00000000   13.28618279    0.00000000   0.00000000   0.00000406   0.00000588 448.02278320  400.62894765
2763671875000.00   3.64502165   0.00000000   13.28618279    0.00000000   0.00000000   0.00000397   0.00000574 448.84443487  401.37297952
2768554687500.00   3.64502165   0.00000000   13.28618279    0.00000000   0.00000000   0.00000388   0.00000559 449.66622108  402.11715713
2773437500000.00   3.64502165   0.00000000   13.28618279    0.00000000   0.00000000   0.00000379   0.00000545 450.48814830  402.86147988
2778320312500.00   3.64069264   0.00500000   13.25461790    0.03640693   5.62723339   0.00000370   0.00000531 451.31022274  403.60594702
2783203125000.00   3.64069264   0.00500000   13.25461790    0.03640693   5.63712308   0.00000362   0.00000517 452.13245030  404.35055771
2788085937500.00   3.64069264   0.00500000   13.25461790    0.03640693   5.64701277   0.00000353   0.00000503 452.95483654  405.09531116
2792968750000.00   3.64069264   0.00500000   13.25461790    0.03640693   5.65690246   0.00000345   0.00000490 453.77738659  405.84020668
2797851562500.00   3.64069264   0.00500000   13.25461790    0.03640693   5.66679215   0.00000336   0.00000477 454.60010515  406.58524385
2802734375000.00   3.64069264   0.00500000   13.25461790    0.03640693   5.67668184   0.00000328   0.00000464 455.42299645  407.33042256
2807617187500.00   3.64069264   0.00500000   13.25461790    0.03640693   5.68657153   0.00000320   0.00000452 456.24606417  408.07574314
2812500000000.00   3.64069264   0.00000000   13.25464290    0.00000000   0.00000000   0.00000312   0.00000439 457.06931147  408.82120637
2817382812500.00   3.64069264   0.00000000   13.25464290    0.00000000   0.00000000   0.00000304   0.00000427 457.89274094  409.56681361
2822265625000.00   3.64069264   0.00000000   13.25464290    0.00000000   0.00000000   0.00000296   0.00000415 458.71635460  410.31256674
2827148437500.00   3.64069264   0.00000000   13.25464290    0.00000000   0.00000000   0.00000289   0.00000404 459.54015387  411.05846825
2832031250000.00   3.64069264   0.00000000   13.25464290    0.00000000   0.00000000   0.00000281   0.00000392 460.36413957  411.80452117
2836914062500.00   3.64069264   0.00000000   13.25464290    0.00000000   0.00000000   0.00000274   0.00000381 461.18831191  412.55072904
2841796875000.00   3.64069264   0.00000000   13.25464290    0.00000000   0.00000000   0.00000266   0.00000370 462.01267053  413.29709584
2846679687500.00   3.63636364   0.00500000   13.22311550    0.03636364   5.75883329   0.00000259   0.00000359 462.83721443  414.04362588
2851562500000.00   3.63636364   0.00500000   13.22311550    0.03636364   5.76871122   0.00000252   0.00000348 463.66194204  414.79032370
2856445312500.00   3.63636364   0.00500000   13.22311550    0.03636364   5.77858916   0.00000245   0.00000338 464.48685122  415.53719387
2861328125000.00   3.63636364   0.00500000   13.22311550    0.03636364   5.78846709   0.00000238   0.00000327 465.31193923  416.28424087
2866210937500.00   3.63636364   0.00500000   13.22311550    0.03636364   5.79834502   0.00000231   0.00000317 466.13720281  417.03146886
2871093750000.00   3.63636364   0.00500000   13.22311550    0.03636364   5.80822295   0.00000224   0.00000307 466.96263810  417.77888146
2875976562500.00   3.63636364   0.00500000   13.22311550    0.03636364   5.81810088   0.00000217   0.00000298 467.78824075  418.52648154
2880859375000.00   3.63636364   0.00000000   13.22314050    0.00000000   0.00000000   0.00000211   0.00000288 468.61400587  419.27427098
2885742187500.00   3.63636364   0.00000000   13.22314050    0.00000000   0.00000000   0.00000204   0.00000279 469.43992804  420.02225044
2890625000000.00   3.63636364   0.00000000   13.22314050    0.00000000   0.00000000   0.00000198   0.00000270 470.26600134  420.77041912
2895507812500.00   3.63636364   0.00000000   13.22314050    0.00000000   0.00000000   0.00000192   0.00000261 471.09221935  421.51877454
2900390625000.00   3.63636364   0.00000000   13.22314050    0.00000000   0.00000000   0.00000185   0.00000252 471.91857513  422.26731240
2905273437500.00   3.63636364   0.00000000   13.22314050    0.00000000   0.00000000   0.00000180   0.00000243 472.74506123  423.01602633
2910156250000.00   3.63636364   0.00000000   13.22314050    0.00000000   0.00000000   0.00000174   0.00000235 473.57166968  423.76490788
2915039062500.00   3.63203463   0.00500000   13.19165057    0.03632035   5.89010393   0.00000168   0.00000227 474.39839195  424.51394638
2919921875000.00   3.63203463   0.00500000   13.19165057    0.03632035   5.89997010   0.00000162   0.00000219 475.22521895  425.26312896
2924804687500.00   3.63203463   0.00500000   13.19165057    0.03632035   5.90983627   0.00000157   0.00000212 476.05214099  426.01244065
2929687500000.00   3.63203463   0.00500000   13.19165057    0.03632035   5.91970244   0.00000151   0.00000204 476.87914774  426.76186448
2934570312500.00   3.63203463   0.00500000   13.19165057    0.03632035   5.92956861   0.00000146   0.00000197 477.70622818  427.51138173
2939453125000.00   3.63203463   0.00500000   13.19165057    0.03632035   5.93943478   0.00000141   0.00000190 478.53337052  428.26097225
2944335937500.00   3.63203463   0.00500000   13.19165057    0.03632035   5.94930096   0.00000136   0.00000183 479.36056217  429.01061483
2949218750000.00   3.63203463   0.00000000   13.19167557    0.00000000   0.00000000   0.00000131   0.00000176 480.18778965  429.76028773
2954101562500.00   3.63203463   0.00000000   13.19167557    0.00000000   0.00000000   0.00000126   0.00000170 481.01503849  430.50996918
2958984375000.00   3.63203463   0.00000000   13.19167557    0.00000000   0.00000000   0.00000122   0.00000164 481.84229315  431.25963805
2963867187500.00   3.63203463   0.00000000   13.19167557    0.00000000   0.00000000   0.00000117   0.00000158 482.66953691  432.00927452
2968750000000.00   3.63203463   0.00000000   13.19167557    0.00000000   0.00000000   0.00000113   0.00000152 483.49675180  432.75886083
2973632812500.00   3.63203463   0.00000000   13.19167557    0.00000000   0.00000000   0.00000109   0.00000146 484.32391843  433.50838200
2978515625000.00   3.63203463   0.00000000   13.19167557    0.00000000   0.00000000   0.00000105   0.00000141 485.15101593  434.25782665
2983398437500.00   3.62770563   0.00000000   13.16024812    0.00000000   0.00000000   0.00000101   0.00000136 485.97802181  435.00718774
2988281250000.00   3.62770563   0.00000000   13.16024812    0.00000000   0.00000000   0.00000097   0.00000130 486.80491187  435.75646334
2993164062500.00   3.62770563   0.00000000   13.16024812    0.00000000   0.00000000   0.00000093   0.00000125 487.63166009  436.50565733
2998046875000.00   3.62770563   0.00000000   13.16024812    0.00000000   0.00000000   0.00000090   0.00000121 488.45823852  437.25478006
3002929687500.00   3.62770563   0.00000000   13.16024812    0.00000000   0.00000000   0.00000087   0.00000116 489.28461724  438.00384898
