Frequency(Hz) Real_refrac Imag_refrac Real_diel Imag_diel Real_cond AmplitudeSample AmplitudeRef PhaseSample PhaseRef
302734375000.00   3.45887446   2.11500000    7.49058752   14.63103896 246.41407014   0.00000015   0.00001495  45.98918588   41.43227623
307617187500.00   3.43722944   2.08500000    7.46732120   14.33324675 245.29221950   0.00000016   0.00001521  46.71476661   42.12240848
312500000000.00   3.41558442   2.06000000    7.42261690   14.07220779 244.64754344   0.00000016   0.00001547  47.44081624   42.81272050
317382812500.00   3.38961039   2.03500000    7.34823359   13.79571429 243.58817071   0.00000016   0.00001574  48.16761489   43.50321469
322265625000.00   3.37229437   2.00500000    7.35234433   13.52290043 242.44455334   0.00000016   0.00001600  48.89539476   44.19389241
327148437500.00   3.35064935   1.98000000    7.30645107   13.26857143 241.48914582   0.00000016   0.00001626  49.62433694   44.88475393
332031250000.00   3.33333333   1.95000000    7.30861111   13.00000000 240.13248267   0.00000017   0.00001653  50.35457178   45.57579859
336914062500.00   3.31601732   1.92000000    7.30957084   12.73350649 238.66885564   0.00000017   0.00001679  51.08618225   46.26702482
341796875000.00   3.29870130   1.89500000    7.29040526   12.50207792 237.72720667   0.00000018   0.00001705  51.81920950   46.95843022
346679687500.00   3.28138528   1.87000000    7.27058936   12.27238095 236.69322257   0.00000018   0.00001732  52.55365974   47.65001170
351562500000.00   3.29004329   1.81000000    7.54828485   11.90995671 232.93852723   0.00000018   0.00001758  53.28951166   48.34176558
356445312500.00   3.27272727   1.79500000    7.48871880   11.74909091 232.98382460   0.00000019   0.00001784  54.02672391   49.03368769
361328125000.00   3.26406926   1.76000000    7.55654816   11.48952381 230.95767297   0.00000019   0.00001810  54.76524197   49.72577347
366210937500.00   3.24675325   1.74000000    7.51380665   11.29870130 230.19105151   0.00000020   0.00001837  55.50500433   50.41801816
371093750000.00   3.23809524   1.71000000    7.56116077   11.07428571 228.62723405   0.00000020   0.00001863  56.24594775   51.11041681
375976562500.00   3.22510823   1.68500000    7.56209806   10.86861472 227.33356622   0.00000021   0.00001889  56.98801146   51.80296449
380859375000.00   3.21645022   1.66000000    7.58995199   10.67861472 226.26019975   0.00000021   0.00001915  57.73114048   52.49565630
385742187500.00   3.20779221   1.63500000    7.61670585   10.48948052 225.10218883   0.00000022   0.00001941  58.47528787   53.18848753
390625000000.00   3.19913420   1.61000000    7.64235962   10.30121212 223.86023902   0.00000023   0.00001967  59.22041623   53.88145371
395507812500.00   3.19047619   1.58500000    7.66691332   10.11380952 222.53505589   0.00000023   0.00001992  59.96649839   54.57455067
400390625000.00   3.18181818   1.56500000    7.67474194    9.95909091 221.83608649   0.00000024   0.00002018  60.71351732   55.26777464
405273437500.00   3.17316017   1.54000000    7.69734548    9.77333333 220.35324454   0.00000024   0.00002044  61.46146560   55.96112224
410156250000.00   3.16450216   1.52000000    7.70367395    9.62008658 219.51131563   0.00000025   0.00002070  62.21034429   56.65459057
415039062500.00   3.16017316   1.49500000    7.75166940    9.44891775 218.17231515   0.00000026   0.00002096  62.96016148   57.34817718
419921875000.00   3.15151515   1.47500000    7.75642275    9.29696970 217.18934351   0.00000026   0.00002121  63.71093057   58.04188010
424804687500.00   3.14718615   1.45500000    7.78775565    9.15831169 216.43790349   0.00000027   0.00002147  64.46266837   58.73569784
429687500000.00   3.14285714   1.43500000    7.81832602    9.02000000 215.61941114   0.00000028   0.00002173  65.21539318   59.42962936
434570312500.00   3.13852814   1.41500000    7.84813388    8.88203463 214.73414868   0.00000028   0.00002199  65.96912292   60.12367404
439453125000.00   3.12987013   1.39500000    7.85006203    8.73233766 213.48711879   0.00000029   0.00002225  66.72387337   60.81783169
444335937500.00   3.12987013   1.38000000    7.89168703    8.63844156 213.53813125   0.00000030   0.00002251  67.47965660   61.51210241
449218750000.00   3.12987013   1.36000000    7.94648703    8.51324675 212.75594029   0.00000031   0.00002277  68.23647969   62.20648666
454101562500.00   3.12554113   1.34000000    7.97340733    8.37645022 211.61264043   0.00000032   0.00002303  68.99434367   62.90098509
458984375000.00   3.12554113   1.32000000    8.02660733    8.25142857 210.69568628   0.00000032   0.00002329  69.75324275   63.59559858
463867187500.00   3.12121212   1.30500000    8.03894011    8.14636364 210.22581431   0.00000033   0.00002355  70.51316390   64.29032810
468750000000.00   3.12121212   1.29000000    8.07786511    8.05272727 209.99689328   0.00000034   0.00002381  71.27408657   64.98517473
473632812500.00   3.11688312   1.27500000    8.08933536    7.94805195 209.42623114   0.00000035   0.00002407  72.03598272   65.68013953
478515625000.00   3.11688312   1.26000000    8.12736036    7.85454545 209.09602605   0.00000035   0.00002434  72.79881702   66.37522353
483398437500.00   3.11688312   1.24500000    8.16493536    7.76103896 208.71502017   0.00000036   0.00002460  73.56254721   67.07042766
488281250000.00   3.11688312   1.23000000    8.20206036    7.66753247 208.28321350   0.00000037   0.00002487  74.32712456   67.76575271
493164062500.00   3.11688312   1.21500000    8.23873536    7.57402597 207.80060606   0.00000038   0.00002513  75.09249443   68.46119931
498046875000.00   3.12121212   1.19000000    8.32586511    7.42848485 205.82544336   0.00000038   0.00002540  75.85859690   69.15676787
502929687500.00   3.11688312   1.19000000    8.29886036    7.41818182 207.55506894   0.00000039   0.00002567  76.62536737   69.85245858
507812500000.00   3.12121212   1.16500000    8.38474011    7.27242424 205.45238687   0.00000040   0.00002594  77.39273726   70.54827137
512695312500.00   3.12121212   1.15500000    8.40794011    7.21000000 205.64739367   0.00000041   0.00002620  78.16063462   71.24420592
517578125000.00   3.12554113   1.13000000    8.49210733    7.06372294 203.39401437   0.00000041   0.00002647  78.92898481   71.94026168
522460937500.00   3.12554113   1.12000000    8.51460733    7.00121212 203.49589816   0.00000042   0.00002674  79.69771110   72.63643782
527343750000.00   3.12554113   1.11000000    8.53690733    6.93870130 203.56382069   0.00000042   0.00002701  80.46673529   73.33273330
532226562500.00   3.12554113   1.10000000    8.55900733    6.87619048 203.59778196   0.00000043   0.00002728  81.23597834   74.02914685
537109375000.00   3.12554113   1.09000000    8.58090733    6.81367965 203.59778196   0.00000043   0.00002755  82.00536096   74.72567702
541992187500.00   3.12554113   1.08000000    8.60260733    6.75116883 203.56382069   0.00000044   0.00002782  82.77480425   75.42232222
546875000000.00   3.12554113   1.07000000    8.62410733    6.68865801 203.49589816   0.00000044   0.00002810  83.54423031   76.11908070
551757812500.00   3.12554113   1.06500000    8.63478233    6.65740260 204.35342010   0.00000045   0.00002837  84.31356293   76.81595065
556640625000.00   3.12554113   1.05500000    8.65598233    6.59489177 204.22606535   0.00000045   0.00002864  85.08272826   77.51293020
561523437500.00   3.12987013   1.04500000    8.70406203    6.54142857 204.34738750   0.00000046   0.00002891  85.85165557   78.21001745
566406250000.00   3.12554113   1.04000000    8.68740733    6.50112554 204.85434875   0.00000046   0.00002918  86.62027802   78.90721053
571289062500.00   3.12987013   1.03000000    8.73518703    6.44753247 204.91702657   0.00000046   0.00002945  87.38853350   79.60450765
576171875000.00   3.12987013   1.02500000    8.74546203    6.41623377 205.66520922   0.00000046   0.00002972  88.15636549   80.30190705
581054687500.00   3.12987013   1.01500000    8.76586203    6.35363636 205.38464073   0.00000047   0.00002999  88.92372396   80.99940714
585937500000.00   3.12987013   1.01000000    8.77598703    6.32233766 206.09031300   0.00000047   0.00003026  89.69056628   81.69700644
590820312500.00   3.12987013   1.00500000    8.78606203    6.29103896 206.77898113   0.00000047   0.00003053  90.45685814   82.39470364
595703125000.00   3.12987013   0.99500000    8.80606203    6.22844156 206.41339188   0.00000047   0.00003080  91.22257438   83.09249760
600585937500.00   3.12987013   0.99000000    8.81598703    6.19714286 207.05954963   0.00000047   0.00003107  91.98769981   83.79038735
605468750000.00   3.12987013   0.98000000    8.83568703    6.13454545 206.63444584   0.00000048   0.00003134  92.75222981   84.48837212
610351562500.00   3.12554113   0.98500000    8.79878233    6.15731602 209.07403589   0.00000048   0.00003161  93.51617080   85.18645133
615234375000.00   3.12987013   0.96000000    8.87448703    6.00935065 205.68221337   0.00000048   0.00003188  94.27954054   85.88462453
620117187500.00   3.12987013   0.95000000    8.89358703    5.94675325 205.15508469   0.00000048   0.00003215  95.04236802   86.58289149
625000000000.00   3.12554113   0.95500000    8.85698233    5.96978355 207.57124993   0.00000048   0.00003242  95.80469316   87.28125207
629882812500.00   3.12554113   0.94000000    8.88540733    5.87601732 205.90714796   0.00000049   0.00003268  96.56656608   87.97970627
634765625000.00   3.12554113   0.93500000    8.89478233    5.84476190 206.39958629   0.00000049   0.00003295  97.32804610   88.67825418
639648437500.00   3.12121212   0.93000000    8.87706511    5.80545455 206.58851347   0.00000049   0.00003322  98.08920033   89.37689594
644531250000.00   3.12121212   0.92000000    8.89556511    5.74303030 205.92718604   0.00000050   0.00003349  98.85010199   90.07563172
649414062500.00   3.11688312   0.91500000    8.87773536    5.70389610 206.07337941   0.00000050   0.00003375  99.61082853   90.77446166
654296875000.00   3.11688312   0.91000000    8.88686036    5.67272727 206.48825248   0.00000050   0.00003402 100.37145949   91.47338589
659179687500.00   3.11255411   0.90500000    8.86896810    5.63372294 206.59885002   0.00000051   0.00003429 101.13207437   92.17240442
664062500000.00   3.11255411   0.89500000    8.88696810    5.57147186 205.82944157   0.00000051   0.00003455 101.89275051   92.87151716
668945312500.00   3.11255411   0.89000000    8.89589310    5.54034632 206.18455316   0.00000052   0.00003482 102.65356108   93.57072387
673828125000.00   3.10822511   0.88500000    8.87783832    5.50155844 206.23551858   0.00000052   0.00003508 103.41457325   94.27002411
678710937500.00   3.10822511   0.88000000    8.88666332    5.47047619 206.55636316   0.00000053   0.00003535 104.17584675   94.96941724
683593750000.00   3.10822511   0.87500000    8.89543832    5.43939394 206.86032118   0.00000053   0.00003561 104.93743267   95.66890240
688476562500.00   3.10822511   0.86500000    8.91283832    5.37722944 205.95689039   0.00000054   0.00003587 105.69937263   96.36847844
693359375000.00   3.10389610   0.86000000    8.89457102    5.33870130 205.93141944   0.00000055   0.00003614 106.46169843   97.06814397
698242187500.00   3.10389610   0.85500000    8.90314602    5.30766234 206.17593349   0.00000055   0.00003640 107.22443192   97.76789731
703125000000.00   3.10389610   0.84500000    8.92014602    5.24558442 205.18944577   0.00000056   0.00003666 107.98758527   98.46773652
708007812500.00   3.10389610   0.83500000    8.93694602    5.18350649 204.16923198   0.00000057   0.00003692 108.75116156   99.16765935
712890625000.00   3.09956710   0.83500000    8.91009120    5.17627706 205.29057696   0.00000057   0.00003717 109.51515549   99.86766331
717773437500.00   3.09956710   0.83000000    8.91841620    5.14528139 205.45897215   0.00000058   0.00003743 110.27955440  100.56774564
722656250000.00   3.09956710   0.82000000    8.93491620    5.08329004 204.36440341   0.00000059   0.00003768 111.04433930  101.26790335
727539062500.00   3.09956710   0.81000000    8.95121620    5.02129870 203.23615564   0.00000060   0.00003794 111.80948610  101.96813325
732421875000.00   3.09956710   0.80500000    8.95929120    4.99030303 203.33719275   0.00000061   0.00003819 112.57496675  102.66843197
737304687500.00   3.09956710   0.79500000    8.97529120    4.92831169 202.15000666   0.00000062   0.00003844 113.34075049  103.36879599
742187500000.00   3.09956710   0.78500000    8.99109120    4.86632035 200.92914152   0.00000062   0.00003869 114.10680497  104.06922169
747070312500.00   3.09956710   0.77500000    9.00669120    4.80432900 199.67459735   0.00000063   0.00003893 114.87309744  104.76970540
751953125000.00   3.09956710   0.77000000    9.01441620    4.77333333 199.68301711   0.00000064   0.00003918 115.63959568  105.47024342
756835937500.00   3.09956710   0.76500000    9.02209120    4.74233766 199.67459735   0.00000065   0.00003942 116.40626906  106.17083208
761718750000.00   3.09956710   0.75500000    9.03729120    4.68034632 198.33585559   0.00000066   0.00003966 117.17308926  106.87146781
766601562500.00   3.09523810   0.75000000    9.01799887    4.64285714 198.00840220   0.00000067   0.00003990 117.94003107  107.57214713
771484375000.00   3.09523810   0.74500000    9.02547387    4.61190476 197.94113820   0.00000068   0.00004013 118.70707297  108.27286677
776367187500.00   3.09523810   0.74000000    9.03289887    4.58095238 197.85705820   0.00000069   0.00004037 119.47419755  108.97362367
781250000000.00   3.09523810   0.73500000    9.04027387    4.55000000 197.75616220   0.00000070   0.00004060 120.24139188  109.67441503
786132812500.00   3.09523810   0.73000000    9.04759887    4.51904762 197.63845020   0.00000071   0.00004083 121.00864772  110.37523837
791015625000.00   3.09523810   0.72000000    9.06209887    4.45714286 196.14182618   0.00000072   0.00004106 121.77596148  111.07609155
795898437500.00   3.09523810   0.71500000    9.06927387    4.42619048 195.98207418   0.00000073   0.00004129 122.54333426  111.77697281
800781250000.00   3.09523810   0.71000000    9.07639887    4.39523810 195.80550618   0.00000074   0.00004152 123.31077154  112.47788082
805664062500.00   3.09090909   0.70500000    9.05669401    4.35818182 195.33853879   0.00000075   0.00004175 124.07828292  113.17881468
810546875000.00   3.09090909   0.70000000    9.06371901    4.32727273 195.12863277   0.00000077   0.00004197 124.84588164  113.87977395
815429687500.00   3.09090909   0.69500000    9.07069401    4.29636364 194.90193427   0.00000078   0.00004220 125.61358407  114.58075865
820312500000.00   3.09090909   0.69000000    9.07761901    4.26545455 194.65844329   0.00000079   0.00004242 126.38140911  115.28176931
825195312500.00   3.09090909   0.68500000    9.08449401    4.23454545 194.39815983   0.00000080   0.00004264 127.14937755  115.98280691
830078125000.00   3.09090909   0.68000000    9.09131901    4.20363636 194.12108389   0.00000082   0.00004286 127.91751138  116.68387292
834960937500.00   3.09090909   0.67500000    9.09809401    4.17272727 193.82721547   0.00000083   0.00004308 128.68583311  117.38496927
839843750000.00   3.09090909   0.67000000    9.10481901    4.14181818 193.51655457   0.00000084   0.00004330 129.45436512  118.08609835
844726562500.00   3.09090909   0.66500000    9.11149401    4.11090909 193.18910118   0.00000086   0.00004352 130.22312903  118.78726296
849609375000.00   3.09090909   0.66000000    9.11811901    4.08000000 192.84485531   0.00000087   0.00004374 130.99214511  119.48846628
854492187500.00   3.09090909   0.65500000    9.12469401    4.04909091 192.48381697   0.00000089   0.00004397 131.76143185  120.18971186
859375000000.00   3.09090909   0.65000000    9.13121901    4.01818182 192.10598614   0.00000090   0.00004419 132.53100546  120.89100357
864257812500.00   3.09523810   0.62500000    9.18987387    3.86904762 186.02700207   0.00000092   0.00004441 133.30087963  121.59234554
869140625000.00   3.09523810   0.62000000    9.19609887    3.83809524 185.58137806   0.00000094   0.00004463 134.07106530  122.29374215
874023437500.00   3.09523810   0.61500000    9.20227387    3.80714286 185.11893806   0.00000095   0.00004485 134.84157046  122.99519791
878906250000.00   3.09523810   0.61000000    9.20839887    3.77619048 184.63968205   0.00000097   0.00004507 135.61240019  123.69671749
883789062500.00   3.09523810   0.60500000    9.21447387    3.74523810 184.14361005   0.00000099   0.00004530 136.38355668  124.39830561
888671875000.00   3.09523810   0.60000000    9.22049887    3.71428571 183.63072204   0.00000101   0.00004552 137.15503931  125.09996703
893554687500.00   3.09523810   0.59500000    9.22647387    3.68333333 183.10101804   0.00000102   0.00004574 137.92684488  125.80170645
898437500000.00   3.09523810   0.59000000    9.23239887    3.65238095 182.55449803   0.00000104   0.00004597 138.69896779  126.50352848
903320312500.00   3.09523810   0.58500000    9.23827387    3.62142857 181.99116202   0.00000106   0.00004619 139.47140035  127.20543763
908203125000.00   3.09523810   0.58000000    9.24409887    3.59047619 181.41101002   0.00000108   0.00004641 140.24413306  127.90743819
913085937500.00   3.09523810   0.58000000    9.24409887    3.59047619 182.38633803   0.00000110   0.00004664 141.01715492  128.60953424
917968750000.00   3.09523810   0.57500000    9.24987387    3.55952381 181.78096202   0.00000112   0.00004686 141.79045375  129.31172961
922851562500.00   3.09523810   0.57000000    9.25559887    3.52857143 181.15877001   0.00000114   0.00004709 142.56401653  130.01402782
927734375000.00   3.09956710   0.56500000    9.28809120    3.50251082 180.77223720   0.00000116   0.00004731 143.33782966  130.71643208
932617187500.00   3.09956710   0.56000000    9.29371620    3.47151515 180.11549596   0.00000117   0.00004754 144.11187934  131.41894523
937500000000.00   3.09956710   0.55500000    9.29929120    3.44051948 179.44191519   0.00000119   0.00004776 144.88615174  132.12156976
942382812500.00   3.09956710   0.55500000    9.29929120    3.44051948 180.37650850   0.00000121   0.00004798 145.66063333  132.82430779
947265625000.00   3.09956710   0.55000000    9.30481620    3.40952381 179.67766846   0.00000123   0.00004820 146.43531106  133.52716103
952148437500.00   3.10389610   0.54000000    9.34257102    3.35220779 177.56778961   0.00000125   0.00004843 147.21017254  134.23013082
957031250000.00   3.10389610   0.53500000    9.34794602    3.32116883 176.82581594   0.00000127   0.00004864 147.98520621  134.93321808
961914062500.00   3.10389610   0.53500000    9.34794602    3.32116883 177.72798847   0.00000129   0.00004886 148.76040146  135.63642339
966796875000.00   3.10389610   0.53500000    9.34794602    3.32116883 178.63016100   0.00000131   0.00004908 149.53574871  136.33974693
971679687500.00   3.10822511   0.51500000    9.39583832    3.20147186 173.06187768   0.00000133   0.00004929 150.31123946  137.04318852
976562500000.00   3.10822511   0.51000000    9.40096332    3.17038961 172.24287968   0.00000135   0.00004950 151.08686630  137.74674767
981445312500.00   3.10822511   0.51000000    9.40096332    3.17038961 173.10409408   0.00000137   0.00004971 151.86262293  138.45042355
986328125000.00   3.10822511   0.50500000    9.40603832    3.13930736 172.25976623   0.00000139   0.00004992 152.63850411  139.15421502
991210937500.00   3.10822511   0.50000000    9.41106332    3.10822511 171.39855184   0.00000141   0.00005012 153.41450559  139.85812071
996093750000.00   3.10822511   0.49500000    9.41603832    3.07714286 170.52045088   0.00000143   0.00005033 154.19062404  140.56213898
1000976562500.00   3.10822511   0.49500000    9.41603832    3.07714286 171.35633544   0.00000145   0.00005052 154.96685694  141.26626798
1005859375000.00   3.11255411   0.49000000    9.44789310    3.05030303 170.69030424   0.00000147   0.00005072 155.74320247  141.97050568
1010742187500.00   3.11255411   0.48500000    9.45276810    3.01917749 169.76870512   0.00000149   0.00005091 156.51965938  142.67484987
1015625000000.00   3.11255411   0.48500000    9.45276810    3.01917749 170.58884379   0.00000151   0.00005110 157.29622684  143.37929825
1020507812500.00   3.11255411   0.48000000    9.45759310    2.98805195 169.64187955   0.00000153   0.00005128 158.07290436  144.08384839
1025390625000.00   3.11255411   0.48000000    9.45759310    2.98805195 170.45356318   0.00000155   0.00005146 158.84969156  144.78849778
1030273437500.00   3.11255411   0.47500000    9.46236810    2.95692641 169.48123383   0.00000157   0.00005163 159.62658814  145.49324389
1035156250000.00   3.11688312   0.47000000    9.49406036    2.92987013 168.72633653   0.00000159   0.00005180 160.40359368  146.19808413
1040039062500.00   3.11255411   0.47000000    9.46709310    2.92580087 169.28676796   0.00000161   0.00005197 161.18070756  146.90301593
1044921875000.00   3.11688312   0.46500000    9.49873536    2.89870130 168.50619980   0.00000163   0.00005213 161.95792886  147.60803674
1049804687500.00   3.11688312   0.46000000    9.50336036    2.86753247 167.47325053   0.00000165   0.00005229 162.73525626  148.31314404
1054687500000.00   3.11688312   0.46000000    9.50336036    2.86753247 168.25219588   0.00000167   0.00005244 163.51268798  149.01833535
1059570312500.00   3.11688312   0.46000000    9.50336036    2.86753247 169.03114124   0.00000168   0.00005259 164.29022174  149.72360829
1064453125000.00   3.12121212   0.44500000    9.54394011    2.77787879 164.50095782   0.00000170   0.00005273 165.06785472  150.42896053
1069335937500.00   3.12121212   0.44000000    9.54836511    2.74666667 163.39874545   0.00000172   0.00005287 165.84558354  151.13438985
1074218750000.00   3.12121212   0.44000000    9.54836511    2.74666667 164.14485844   0.00000174   0.00005300 166.62340428  151.83989412
1079101562500.00   3.12121212   0.44000000    9.54836511    2.74666667 164.89097143   0.00000176   0.00005313 167.40131250  152.54547133
1083984375000.00   3.12121212   0.43000000    9.55706511    2.68424242 161.87260523   0.00000178   0.00005326 168.17930328  153.25111957
1088867187500.00   3.12554113   0.43000000    9.58410733    2.68796537 162.82728367   0.00000179   0.00005338 168.95737128  153.95683704
1093750000000.00   3.12121212   0.42500000    9.56134011    2.65303030 161.43172028   0.00000181   0.00005349 169.73551081  154.66262205
1098632812500.00   3.12554113   0.42500000    9.58838233    2.65670996 162.37729691   0.00000183   0.00005360 170.51371592  155.36847305
1103515625000.00   3.12554113   0.42000000    9.59260733    2.62545455 161.18016233   0.00000185   0.00005371 171.29198048  156.07438856
1108398437500.00   3.12554113   0.42000000    9.59260733    2.62545455 161.89334889   0.00000186   0.00005381 172.07029829  156.78036725
1113281250000.00   3.12554113   0.41500000    9.59678233    2.59419913 160.67074336   0.00000188   0.00005390 172.84866318  157.48640786
1118164062500.00   3.12554113   0.41500000    9.59678233    2.59419913 161.37543960   0.00000190   0.00005399 173.62706913  158.19250925
1123046875000.00   3.12554113   0.41500000    9.59678233    2.59419913 162.08013584   0.00000191   0.00005408 174.40551036  158.89867035
1127929687500.00   3.12554113   0.41000000    9.60090733    2.56294372 160.82356905   0.00000193   0.00005416 175.18398147  159.60489018
1132812500000.00   3.12554113   0.41000000    9.60090733    2.56294372 161.51977498   0.00000195   0.00005423 175.96247747  160.31116786
1137695312500.00   3.12554113   0.40500000    9.60498233    2.53168831 160.23773723   0.00000196   0.00005431 176.74099397  161.01750254
1142578125000.00   3.12554113   0.40500000    9.60498233    2.53168831 160.92545284   0.00000198   0.00005437 177.51952718  161.72389344
1147460937500.00   3.12987013   0.40000000    9.63608703    2.50389610 159.83902164   0.00000199   0.00005444 178.29807403  162.43033986
1152343750000.00   3.12987013   0.40000000    9.63608703    2.50389610 160.51918769   0.00000201   0.00005450 179.07663222  163.13684109
1157226562500.00   3.12987013   0.39500000    9.64006203    2.47259740 159.18436181   0.00000203   0.00005455 179.85520026  163.84339650
1162109375000.00   3.12987013   0.39500000    9.64006203    2.47259740 159.85602579   0.00000204   0.00005460 180.63377749  164.55000545
1166992187500.00   3.12987013   0.39500000    9.64006203    2.47259740 160.52768976   0.00000206   0.00005464 181.41236411  165.25666733
1171875000000.00   3.12987013   0.39500000    9.64006203    2.47259740 161.19935374   0.00000207   0.00005469 182.19096117  165.96338155
1176757812500.00   3.13419913   0.38000000    9.67880421    2.38199134 155.93940295   0.00000209   0.00005472 182.96957052  166.67014748
1181640625000.00   3.13419913   0.37500000    9.68257921    2.35064935 154.52610633   0.00000210   0.00005476 183.74819481  167.37696453
1186523437500.00   3.13419913   0.37500000    9.68257921    2.35064935 155.16464396   0.00000212   0.00005478 184.52683741  168.08383208
1191406250000.00   3.13419913   0.37500000    9.68257921    2.35064935 155.80318159   0.00000213   0.00005481 185.30550232  168.79074946
1196289062500.00   3.13419913   0.37000000    9.68630421    2.31930736 154.35582963   0.00000214   0.00005483 186.08419412  169.49771602
1201171875000.00   3.13419913   0.37000000    9.68630421    2.31930736 154.98585343   0.00000216   0.00005484 186.86291784  170.20473106
1206054687500.00   3.13419913   0.36500000    9.68997921    2.28796537 153.51295996   0.00000217   0.00005486 187.64167885  170.91179383
1210937500000.00   3.13419913   0.36500000    9.68997921    2.28796537 154.13446992   0.00000219   0.00005486 188.42048277  171.61890358
1215820312500.00   3.13419913   0.36500000    9.68997921    2.28796537 154.75597988   0.00000220   0.00005487 189.19933532  172.32605949
1220703125000.00   3.13419913   0.36000000    9.69360421    2.25662338 153.24903107   0.00000222   0.00005487 189.97824223  173.03326071
1225585937500.00   3.13419913   0.36000000    9.69360421    2.25662338 153.86202720   0.00000223   0.00005486 190.75720906  173.74050635
1230468750000.00   3.13419913   0.36000000    9.69360421    2.25662338 154.47502332   0.00000225   0.00005486 191.53624115  174.44779548
1235351562500.00   3.13852814   0.35500000    9.72433388    2.22835498 153.14525401   0.00000226   0.00005484 192.31534348  175.15512713
1240234375000.00   3.13419913   0.35500000    9.69717921    2.22528139 153.53850147   0.00000228   0.00005483 193.09452056  175.86250030
1245117187500.00   3.13852814   0.35000000    9.72785888    2.19696970 152.18186183   0.00000229   0.00005481 193.87377637  176.56991393
1250000000000.00   3.13852814   0.35000000    9.72785888    2.19696970 152.77865345   0.00000231   0.00005478 194.65311425  177.27736696
1254882812500.00   3.13852814   0.35000000    9.72785888    2.19696970 153.37544506   0.00000232   0.00005476 195.43253689  177.98485829
1259765625000.00   3.13852814   0.34500000    9.73133388    2.16558442 151.77263330   0.00000234   0.00005472 196.21204625  178.69238683
1264648437500.00   3.13852814   0.34500000    9.73133388    2.16558442 152.36089932   0.00000235   0.00005469 196.99164356  179.39995143
1269531250000.00   3.13852814   0.34500000    9.73133388    2.16558442 152.94916534   0.00000237   0.00005465 197.77132929  180.10755097
1274414062500.00   3.13852814   0.34500000    9.73133388    2.16558442 153.53743136   0.00000238   0.00005460 198.55110322  180.81518434
1279296875000.00   3.13852814   0.34500000    9.73133388    2.16558442 154.12569738   0.00000240   0.00005456 199.33096441  181.52285043
1284179687500.00   3.14285714   0.33000000    9.76865102    2.07428571 148.19138971   0.00000242   0.00005451 200.11091128  182.23054817
1289062500000.00   3.14285714   0.32500000    9.77192602    2.04285714 146.50099363   0.00000243   0.00005445 200.89094168  182.93827650
1293945312500.00   3.14285714   0.32500000    9.77192602    2.04285714 147.05592164   0.00000245   0.00005440 201.67105292  183.64603445
1298828125000.00   3.14285714   0.32500000    9.77192602    2.04285714 147.61084964   0.00000246   0.00005433 202.45124196  184.35382107
1303710937500.00   3.14285714   0.32000000    9.77515102    2.01142857 145.88630415   0.00000248   0.00005427 203.23150539  185.06163551
1308593750000.00   3.14285714   0.32000000    9.77515102    2.01142857 146.43269480   0.00000249   0.00005420 204.01183962  185.76947699
1313476562500.00   3.14285714   0.32000000    9.77515102    2.01142857 146.97908545   0.00000251   0.00005413 204.79224098  186.47734484
1318359375000.00   3.14285714   0.31500000    9.77832602    1.98000000 145.22039054   0.00000252   0.00005406 205.57270582  187.18523848
1323242187500.00   3.14285714   0.31500000    9.77832602    1.98000000 145.75824384   0.00000254   0.00005398 206.35323060  187.89315746
1328125000000.00   3.14285714   0.31500000    9.77832602    1.98000000 146.29609713   0.00000255   0.00005390 207.13381209  188.60110146
1333007812500.00   3.14718615   0.31000000    9.80868065    1.95125541 144.70229310   0.00000257   0.00005382 207.91444739  189.30907030
1337890625000.00   3.14285714   0.31000000    9.78145102    1.94857143 145.03256875   0.00000258   0.00005373 208.69513409  190.01706395
1342773437500.00   3.14718615   0.31000000    9.80868065    1.95125541 145.76238316   0.00000260   0.00005365 209.47587033  190.72508252
1347656250000.00   3.14718615   0.31000000    9.80868065    1.95125541 146.29242819   0.00000261   0.00005356 210.25665490  191.43312632
1352539062500.00   3.14718615   0.30500000    9.81175565    1.91978355 144.45436881   0.00000263   0.00005346 211.03748731  192.14119577
1357421875000.00   3.14718615   0.30500000    9.81175565    1.91978355 144.97586473   0.00000264   0.00005337 211.81836784  192.84929151
1362304687500.00   3.14718615   0.30500000    9.81175565    1.91978355 145.49736064   0.00000266   0.00005327 212.59929756  193.55741432
1367187500000.00   3.15151515   0.30000000    9.84204775    1.89090909 143.82266342   0.00000267   0.00005318 213.38027836  194.26556513
1372070312500.00   3.15151515   0.30000000    9.84204775    1.89090909 144.33631579   0.00000269   0.00005308 214.16131299  194.97374508
1376953125000.00   3.15151515   0.29500000    9.84502275    1.85939394 142.43580202   0.00000271   0.00005298 214.94240496  195.68195540
1381835937500.00   3.15151515   0.29500000    9.84502275    1.85939394 142.94089352   0.00000272   0.00005287 215.72355856  196.39019751
1386718750000.00   3.15151515   0.29500000    9.84502275    1.85939394 143.44598501   0.00000274   0.00005277 216.50477881  197.09847294
1391601562500.00   3.15151515   0.29500000    9.84502275    1.85939394 143.95107651   0.00000275   0.00005266 217.28607135  197.80678334
1396484375000.00   3.15584416   0.28500000    9.87812734    1.79883117 139.75105115   0.00000277   0.00005256 218.06744236  198.51513045
1401367187500.00   3.15584416   0.28000000    9.88095234    1.76727273 137.77934573   0.00000279   0.00005245 218.84889850  199.22351610
1406250000000.00   3.15584416   0.28000000    9.88095234    1.76727273 138.25941314   0.00000280   0.00005234 219.63044674  199.93194217
1411132812500.00   3.15584416   0.28000000    9.88095234    1.76727273 138.73948055   0.00000282   0.00005223 220.41209424  200.64041057
1416015625000.00   3.15584416   0.28000000    9.88095234    1.76727273 139.21954795   0.00000284   0.00005212 221.19384827  201.34892321
1420898437500.00   3.15584416   0.27500000    9.88372734    1.73571429 137.20497937   0.00000286   0.00005201 221.97571602  202.05748199
1425781250000.00   3.15584416   0.27500000    9.88372734    1.73571429 137.67647415   0.00000287   0.00005190 222.75770448  202.76608876
1430664062500.00   3.15584416   0.27500000    9.88372734    1.73571429 138.14796892   0.00000289   0.00005178 223.53982033  203.47474529
1435546875000.00   3.15584416   0.27500000    9.88372734    1.73571429 138.61946370   0.00000291   0.00005167 224.32206975  204.18345326
1440429687500.00   3.15584416   0.27000000    9.88645234    1.70415584 136.56203195   0.00000293   0.00005155 225.10445839  204.89221418
1445312500000.00   3.15584416   0.27000000    9.88645234    1.70415584 137.02495409   0.00000294   0.00005144 225.88699115  205.60102945
1450195312500.00   3.16017316   0.26500000    9.91646940    1.67489177 135.12690981   0.00000296   0.00005132 226.66967217  206.30990023
1455078125000.00   3.16017316   0.26500000    9.91646940    1.67489177 135.58188257   0.00000298   0.00005120 227.45250467  207.01882752
1459960937500.00   3.16017316   0.26500000    9.91646940    1.67489177 136.03685533   0.00000300   0.00005108 228.23549096  207.72781204
1464843750000.00   3.16017316   0.26500000    9.91646940    1.67489177 136.49182809   0.00000302   0.00005096 229.01863229  208.43685429
1469726562500.00   3.16017316   0.26000000    9.91909440    1.64329004 134.36289895   0.00000303   0.00005084 229.80192889  209.14595449
1474609375000.00   3.16017316   0.26000000    9.91909440    1.64329004 134.80928732   0.00000305   0.00005071 230.58537992  209.85511258
1479492187500.00   3.16017316   0.26000000    9.91909440    1.64329004 135.25567569   0.00000307   0.00005059 231.36898345  210.56432819
1484375000000.00   3.16017316   0.26000000    9.91909440    1.64329004 135.70206405   0.00000309   0.00005046 232.15273651  211.27360069
1489257812500.00   3.16450216   0.25000000    9.95157395    1.58225108 131.09130495   0.00000311   0.00005033 232.93663509  211.98292911
1494140625000.00   3.16450216   0.25000000    9.95157395    1.58225108 131.52111251   0.00000312   0.00005020 233.72067420  212.69231221
1499023437500.00   3.16450216   0.25000000    9.95157395    1.58225108 131.95092007   0.00000314   0.00005007 234.50484793  213.40174847
1503906250000.00   3.16450216   0.25000000    9.95157395    1.58225108 132.38072763   0.00000316   0.00004994 235.28914954  214.11123608
1508789062500.00   3.16450216   0.24500000    9.95404895    1.55060606 130.15432448   0.00000317   0.00004980 236.07357151  214.82077298
1513671875000.00   3.16883117   0.24000000    9.98389098    1.52103896 128.08570951   0.00000319   0.00004966 236.85810568  215.53035688
1518554687500.00   3.16883117   0.24000000    9.98389098    1.52103896 128.49888922   0.00000321   0.00004952 237.64274333  216.23998528
1523437500000.00   3.16883117   0.24000000    9.98389098    1.52103896 128.91206892   0.00000322   0.00004938 238.42747530  216.94965553
1528320312500.00   3.16883117   0.24000000    9.98389098    1.52103896 129.32524863   0.00000324   0.00004924 239.21229213  217.65936481
1533203125000.00   3.16883117   0.23500000    9.98626598    1.48935065 127.03554442   0.00000325   0.00004909 239.99718415  218.36911022
1538085937500.00   3.16883117   0.23500000    9.98626598    1.48935065 127.44011621   0.00000327   0.00004895 240.78214167  219.07888880
1542968750000.00   3.16883117   0.23500000    9.98626598    1.48935065 127.84468801   0.00000328   0.00004880 241.56715505  219.78869760
1547851562500.00   3.16883117   0.23500000    9.98626598    1.48935065 128.24925981   0.00000329   0.00004865 242.35221486  220.49853370
1552734375000.00   3.16883117   0.23500000    9.98626598    1.48935065 128.65383161   0.00000331   0.00004850 243.13731203  221.20839427
1557617187500.00   3.16883117   0.23500000    9.98626598    1.48935065 129.05840340   0.00000332   0.00004834 243.92243795  221.91827663
1562500000000.00   3.17316017   0.23000000   10.01604548    1.45965368 126.88154278   0.00000333   0.00004819 244.70758461  222.62817833
1567382812500.00   3.17316017   0.23000000   10.01604548    1.45965368 127.27804760   0.00000335   0.00004804 245.49274474  223.33809713
1572265625000.00   3.17316017   0.23000000   10.01604548    1.45965368 127.67455242   0.00000336   0.00004788 246.27791189  224.04803114
1577148437500.00   3.17316017   0.22500000   10.01832048    1.42792208 125.28690383   0.00000337   0.00004773 247.06308054  224.75797881
1582031250000.00   3.17316017   0.22500000   10.01832048    1.42792208 125.67478898   0.00000338   0.00004757 247.84824623  225.46793903
1586914062500.00   3.17316017   0.23000000   10.01604548    1.45965368 128.86406689   0.00000339   0.00004742 248.63340560  226.17791114
1591796875000.00   3.17748918   0.21500000   10.05021247    1.36632035 120.99537826   0.00000341   0.00004726 249.41855651  226.88789498
1596679687500.00   3.17748918   0.21500000   10.05021247    1.36632035 121.36652973   0.00000342   0.00004711 250.20369805  227.59789094
1601562500000.00   3.17748918   0.21500000   10.05021247    1.36632035 121.73768120   0.00000343   0.00004696 250.98883060  228.30790001
1606445312500.00   3.17748918   0.21500000   10.05021247    1.36632035 122.10883266   0.00000344   0.00004681 251.77395587  229.01792378
1611328125000.00   3.17748918   0.21500000   10.05021247    1.36632035 122.47998413   0.00000345   0.00004666 252.55907690  229.72796447
1616210937500.00   3.17748918   0.21000000   10.05233747    1.33454545 119.99413244   0.00000346   0.00004651 253.34419804  230.43802494
1621093750000.00   3.17748918   0.21500000   10.05021247    1.36632035 123.22228707   0.00000347   0.00004637 254.12932492  231.14810871
1625976562500.00   3.17748918   0.21000000   10.05233747    1.33454545 120.71917252   0.00000349   0.00004623 254.91446443  231.85821995
1630859375000.00   3.17748918   0.21000000   10.05233747    1.33454545 121.08169256   0.00000350   0.00004609 255.69962462  232.56836349
1635742187500.00   3.18181818   0.21000000   10.07986694    1.33636364 121.60966793   0.00000351   0.00004595 256.48481466  233.27854473
1640625000000.00   3.18181818   0.20500000   10.08194194    1.30454545 119.06857039   0.00000352   0.00004582 257.27004468  233.98876971
1645507812500.00   3.18181818   0.20500000   10.08194194    1.30454545 119.42294113   0.00000354   0.00004569 258.05532572  234.69904499
1650390625000.00   3.18181818   0.20500000   10.08194194    1.30454545 119.77731188   0.00000355   0.00004557 258.84066956  235.40937764
1655273437500.00   3.18181818   0.20500000   10.08194194    1.30454545 120.13168262   0.00000356   0.00004545 259.62608860  236.11977521
1660156250000.00   3.18181818   0.20500000   10.08194194    1.30454545 120.48605337   0.00000358   0.00004533 260.41159571  236.83024559
1665039062500.00   3.18181818   0.20500000   10.08194194    1.30454545 120.84042411   0.00000359   0.00004522 261.19720408  237.54079703
1669921875000.00   3.18181818   0.20500000   10.08194194    1.30454545 121.19479486   0.00000360   0.00004511 261.98292703  238.25143801
1674804687500.00   3.18614719   0.20000000   10.11153389    1.27445887 118.74589133   0.00000362   0.00004501 262.76877792  238.96217719
1679687500000.00   3.18614719   0.19500000   10.11350889    1.24259740 116.11478704   0.00000363   0.00004491 263.55476993  239.67302331
1684570312500.00   3.18614719   0.19500000   10.11350889    1.24259740 116.45233002   0.00000365   0.00004481 264.34091593  240.38398512
1689453125000.00   3.18614719   0.19500000   10.11350889    1.24259740 116.78987301   0.00000367   0.00004472 265.12722837  241.09507128
1694335937500.00   3.18614719   0.20000000   10.11153389    1.27445887 120.13068307   0.00000368   0.00004463 265.91371909  241.80629032
1699218750000.00   3.18614719   0.20000000   10.11153389    1.27445887 120.47688100   0.00000370   0.00004455 266.70039923  242.51765050
1704101562500.00   3.18614719   0.20000000   10.11153389    1.27445887 120.82307894   0.00000372   0.00004447 267.48727915  243.22915977
1708984375000.00   3.18614719   0.20000000   10.11153389    1.27445887 121.16927687   0.00000373   0.00004439 268.27436828  243.94082570
1713867187500.00   3.19047619   0.19000000   10.14303832    1.21238095 115.59654849   0.00000375   0.00004432 269.06167508  244.65265541
1718750000000.00   3.19047619   0.18500000   10.14491332    1.18047619 112.87520224   0.00000377   0.00004425 269.84920699  245.36465549
1723632812500.00   3.19047619   0.18500000   10.14491332    1.18047619 113.19587043   0.00000379   0.00004418 270.63697034  246.07683197
1728515625000.00   3.19047619   0.19000000   10.14303832    1.21238095 116.58455317   0.00000381   0.00004411 271.42497039  246.78919028
1733398437500.00   3.19047619   0.19000000   10.14303832    1.21238095 116.91388807   0.00000382   0.00004405 272.21321127  247.50173519
1738281250000.00   3.19047619   0.18500000   10.14491332    1.18047619 114.15787499   0.00000384   0.00004399 273.00169598  248.21447083
1743164062500.00   3.19047619   0.18500000   10.14491332    1.18047619 114.47854318   0.00000386   0.00004393 273.79042648  248.92740060
1748046875000.00   3.19480519   0.18000000   10.17438023    1.15012987 111.84808565   0.00000388   0.00004387 274.57940362  249.64052724
1752929687500.00   3.19480519   0.18000000   10.17438023    1.15012987 112.16051047   0.00000390   0.00004381 275.36862727  250.35385278
1757812500000.00   3.19480519   0.18000000   10.17438023    1.15012987 112.47293529   0.00000392   0.00004375 276.15809634  251.06737856
1762695312500.00   3.19480519   0.18000000   10.17438023    1.15012987 112.78536011   0.00000393   0.00004369 276.94780883  251.78110526
1767578125000.00   3.19480519   0.18500000   10.17255523    1.18207792 116.23939007   0.00000395   0.00004363 277.73776196  252.49503292
1772460937500.00   3.19480519   0.18000000   10.17438023    1.15012987 113.41020975   0.00000397   0.00004358 278.52795215  253.20916094
1777343750000.00   3.19480519   0.18000000   10.17438023    1.15012987 113.72263457   0.00000399   0.00004352 279.31837521  253.92348817
1782226562500.00   3.19913420   0.17000000   10.20555962    1.08770563 107.84571298   0.00000401   0.00004346 280.10902635  254.63801291
1787109375000.00   3.19913420   0.17000000   10.20555962    1.08770563 108.14118068   0.00000402   0.00004339 280.89990030  255.35273296
1791992187500.00   3.19913420   0.17000000   10.20555962    1.08770563 108.43664839   0.00000404   0.00004333 281.69099138  256.06764571
1796875000000.00   3.19913420   0.17000000   10.20555962    1.08770563 108.73211610   0.00000406   0.00004326 282.48229361  256.78274812
1801757812500.00   3.19913420   0.17500000   10.20383462    1.11969697 112.23427744   0.00000408   0.00004320 283.27380078  257.49803686
1806640625000.00   3.19913420   0.18000000   10.20205962    1.15168831 115.75381925   0.00000409   0.00004313 284.06550656  258.21350830
1811523437500.00   3.19913420   0.17500000   10.20383462    1.11969697 112.84259331   0.00000411   0.00004305 284.85740453  258.92915859
1816406250000.00   3.20346320   0.16500000   10.23495150    1.05714286 106.82558150   0.00000413   0.00004298 285.64948831  259.64498373
1821289062500.00   3.20346320   0.16500000   10.23495150    1.05714286 107.11274704   0.00000414   0.00004290 286.44175162  260.36097959
1826171875000.00   3.20346320   0.16500000   10.23495150    1.05714286 107.39991258   0.00000416   0.00004282 287.23418834  261.07714202
1831054687500.00   3.20346320   0.16500000   10.23495150    1.05714286 107.68707812   0.00000417   0.00004274 288.02679256  261.79346685
1835937500000.00   3.20346320   0.16500000   10.23495150    1.05714286 107.97424366   0.00000419   0.00004265 288.81955868  262.50994995
1840820312500.00   3.20346320   0.17000000   10.23327650    1.08917749 111.54205797   0.00000420   0.00004256 289.61248145  263.22658732
1845703125000.00   3.20346320   0.17000000   10.23327650    1.08917749 111.83792550   0.00000421   0.00004247 290.40555597  263.94337507
1850585937500.00   3.20346320   0.16500000   10.23495150    1.05714286 108.83574029   0.00000423   0.00004238 291.19877780  264.66030952
1855468750000.00   3.20346320   0.16500000   10.23495150    1.05714286 109.12290583   0.00000424   0.00004228 291.99214294  265.37738718
1860351562500.00   3.20779221   0.16000000   10.26433085    1.02649351 106.23798576   0.00000425   0.00004218 292.78564790  266.09460483
1865234375000.00   3.20779221   0.16000000   10.26433085    1.02649351 106.51682562   0.00000427   0.00004208 293.57928966  266.81195952
1870117187500.00   3.20779221   0.15500000   10.26590585    0.99441558 103.45830093   0.00000428   0.00004197 294.37306577  267.52944861
1875000000000.00   3.20779221   0.15500000   10.26590585    0.99441558 103.72842704   0.00000429   0.00004187 295.16697428  268.24706976
1879882812500.00   3.20779221   0.16500000   10.26270585    1.05857143 110.70813723   0.00000430   0.00004176 295.96101376  268.96482098
1884765625000.00   3.20779221   0.16000000   10.26433085    1.02649351 107.63218505   0.00000432   0.00004164 296.75518332  269.68270061
1889648437500.00   3.20779221   0.16000000   10.26433085    1.02649351 107.91102491   0.00000433   0.00004153 297.54948258  270.40070733
1894531250000.00   3.20779221   0.16000000   10.26433085    1.02649351 108.18986477   0.00000434   0.00004141 298.34391164  271.11884017
1899414062500.00   3.21212121   0.15000000   10.29522268    0.96363636 101.82664326   0.00000435   0.00004129 299.13847109  271.83709849
1904296875000.00   3.21212121   0.15000000   10.29522268    0.96363636 102.08840841   0.00000436   0.00004117 299.93316194  272.55548197
1909179687500.00   3.21212121   0.15000000   10.29522268    0.96363636 102.35017356   0.00000437   0.00004104 300.72798561  273.27399061
1914062500000.00   3.21212121   0.15000000   10.29522268    0.96363636 102.61193871   0.00000438   0.00004092 301.52294392  273.99262469
1918945312500.00   3.21212121   0.15500000   10.29369768    0.99575758 106.30282732   0.00000440   0.00004079 302.31803897  274.71138477
1923828125000.00   3.21212121   0.16000000   10.29212268    1.02787879 110.01116694   0.00000441   0.00004066 303.11327320  275.43027165
1928710937500.00   3.21212121   0.16000000   10.29212268    1.02787879 110.29038310   0.00000442   0.00004053 303.90864926  276.14928636
1933593750000.00   3.21212121   0.15500000   10.29369768    0.99575758 107.11429928   0.00000443   0.00004039 304.70417000  276.86843009
1938476562500.00   3.21645022   0.14500000   10.32452699    0.93277056 100.59212541   0.00000444   0.00004026 305.49983842  277.58770423
1943359375000.00   3.21645022   0.14500000   10.32452699    0.93277056 100.84550608   0.00000445   0.00004012 306.29565762  278.30711025
1948242187500.00   3.21645022   0.14500000   10.32452699    0.93277056 101.09888675   0.00000446   0.00003998 307.09163076  279.02664974
1953125000000.00   3.21645022   0.14500000   10.32452699    0.93277056 101.35226742   0.00000447   0.00003984 307.88776100  279.74632435
1958007812500.00   3.21645022   0.14500000   10.32452699    0.93277056 101.60564809   0.00000448   0.00003970 308.68405144  280.46613575
1962890625000.00   3.21645022   0.15000000   10.32305199    0.96493506 105.37140906   0.00000449   0.00003955 309.48050512  281.18608559
1967773437500.00   3.21645022   0.15000000   10.32305199    0.96493506 105.63352699   0.00000449   0.00003941 310.27712495  281.90617551
1972656250000.00   3.21645022   0.14500000   10.32452699    0.93277056 102.36579009   0.00000450   0.00003926 311.07391369  282.62640708
1977539062500.00   3.21645022   0.14500000   10.32452699    0.93277056 102.61917076   0.00000451   0.00003911 311.87087389  283.34678175
1982421875000.00   3.22077922   0.13500000   10.35519379    0.86961039  95.90679970   0.00000452   0.00003896 312.66800787  284.06730089
1987304687500.00   3.22077922   0.13500000   10.35519379    0.86961039  96.14302335   0.00000453   0.00003881 313.46531773  284.78796572
1992187500000.00   3.22077922   0.13500000   10.35519379    0.86961039  96.37924699   0.00000454   0.00003866 314.26280528  285.50877728
1997070312500.00   3.22077922   0.13500000   10.35519379    0.86961039  96.61547064   0.00000455   0.00003850 315.06047205  286.22973648
2001953125000.00   3.22077922   0.14000000   10.35381879    0.90181818 100.43879407   0.00000455   0.00003835 315.85831926  286.95084400
2006835937500.00   3.22077922   0.14500000   10.35239379    0.93402597 104.27961555   0.00000456   0.00003819 316.65634783  287.67210036
2011718750000.00   3.22077922   0.14500000   10.35239379    0.93402597 104.53333724   0.00000457   0.00003803 317.45455837  288.39350586
2016601562500.00   3.22077922   0.14000000   10.35381879    0.90181818 101.17371207   0.00000458   0.00003787 318.25295116  289.11506061
2021484375000.00   3.22077922   0.14000000   10.35381879    0.90181818 101.41868474   0.00000458   0.00003771 319.05152621  289.83676452
2026367187500.00   3.22510823   0.13000000   10.38442306    0.83852814  94.52885196   0.00000459   0.00003754 319.85028318  290.55861729
2031250000000.00   3.22510823   0.13000000   10.38442306    0.83852814  94.75663233   0.00000459   0.00003738 320.64922148  291.28061845
2036132812500.00   3.22510823   0.13000000   10.38442306    0.83852814  94.98441269   0.00000460   0.00003721 321.44834023  292.00276735
2041015625000.00   3.22510823   0.13000000   10.38442306    0.83852814  95.21219306   0.00000461   0.00003704 322.24763829  292.72506317
2045898437500.00   3.22510823   0.14000000   10.38172306    0.90303030 102.78150984   0.00000461   0.00003687 323.04711430  293.44750496
2050781250000.00   3.22510823   0.13500000   10.38309806    0.87077922  99.34728278   0.00000461   0.00003670 323.84676666  294.17009163
2055664062500.00   3.22510823   0.13500000   10.38309806    0.87077922  99.58382393   0.00000462   0.00003653 324.64659359  294.89282199
2060546875000.00   3.22510823   0.13500000   10.38309806    0.87077922  99.82036508   0.00000462   0.00003636 325.44659315  295.61569478
2065429687500.00   3.22943723   0.12500000   10.41363982    0.80735931  92.76963963   0.00000463   0.00003618 326.24676324  296.33870865
2070312500000.00   3.22943723   0.12000000   10.41486482    0.77506494  89.26939507   0.00000463   0.00003601 327.04710168  297.06186225
2075195312500.00   3.22943723   0.12000000   10.41486482    0.77506494  89.47993610   0.00000463   0.00003583 327.84760616  297.78515421
2080078125000.00   3.22943723   0.12000000   10.41486482    0.77506494  89.69047713   0.00000463   0.00003565 328.64827435  298.50858316
2084960937500.00   3.22943723   0.12500000   10.41363982    0.80735931  93.64689391   0.00000463   0.00003547 329.44910387  299.23214781
2089843750000.00   3.22943723   0.13000000   10.41236482    0.83965368  97.62085578   0.00000464   0.00003529 330.25009233  299.95584692
2094726562500.00   3.22943723   0.13000000   10.41236482    0.83965368  97.84894189   0.00000464   0.00003511 331.05123738  300.67967933
2099609375000.00   3.22943723   0.13000000   10.41236482    0.83965368  98.07702800   0.00000464   0.00003493 331.85253670  301.40364403
2104492187500.00   3.22943723   0.12500000   10.41363982    0.80735931  94.52414818   0.00000464   0.00003474 332.65398804  302.12774012
2109375000000.00   3.23376623   0.12000000   10.44284405    0.77610390  91.07564516   0.00000464   0.00003456 333.45558925  302.85196689
2114257812500.00   3.23376623   0.12000000   10.44284405    0.77610390  91.28646842   0.00000464   0.00003438 334.25733827  303.57632378
2119140625000.00   3.23376623   0.11500000   10.44401905    0.74376623  87.68490452   0.00000463   0.00003419 335.05923320  304.30081043
2124023437500.00   3.23376623   0.11500000   10.44401905    0.74376623  87.88694347   0.00000463   0.00003400 335.86127226  305.02542672
2128906250000.00   3.23376623   0.12000000   10.44284405    0.77610390  91.91893817   0.00000463   0.00003382 336.66345384  305.75017271
2133789062500.00   3.23376623   0.12500000   10.44161905    0.80844156  95.96850149   0.00000463   0.00003363 337.46577650  306.47504870
2138671875000.00   3.23376623   0.12500000   10.44161905    0.80844156  96.18810904   0.00000463   0.00003344 338.26823898  307.20005525
2143554687500.00   3.23376623   0.12500000   10.44161905    0.80844156  96.40771660   0.00000462   0.00003325 339.07084020  307.92519311
2148437500000.00   3.23376623   0.12000000   10.44284405    0.77610390  92.76223119   0.00000462   0.00003306 339.87357930  308.65046331
2153320312500.00   3.23809524   0.11000000   10.47316077    0.71238095  85.33938999   0.00000462   0.00003287 340.67645557  309.37586708
2158203125000.00   3.23809524   0.11000000   10.47316077    0.71238095  85.53290335   0.00000461   0.00003268 341.47946855  310.10140591
2163085937500.00   3.23809524   0.11000000   10.47316077    0.71238095  85.72641671   0.00000461   0.00003249 342.28261793  310.82708147
2167968750000.00   3.23809524   0.11000000   10.47316077    0.71238095  85.91993006   0.00000460   0.00003230 343.08590363  311.55289568
2172851562500.00   3.23809524   0.11500000   10.47203577    0.74476190  90.02769085   0.00000460   0.00003211 343.88932572  312.27885063
2177734375000.00   3.23809524   0.12000000   10.47086077    0.77714286  94.15304375   0.00000459   0.00003192 344.69288449  313.00494859
2182617187500.00   3.23809524   0.11500000   10.47203577    0.74476190  90.43230968   0.00000459   0.00003172 345.49658037  313.73119201
2187500000000.00   3.23809524   0.11500000   10.47203577    0.74476190  90.63461910   0.00000458   0.00003153 346.30041397  314.45758347
2192382812500.00   3.23809524   0.11500000   10.47203577    0.74476190  90.83692852   0.00000458   0.00003133 347.10438605  315.18412567
2197265625000.00   3.24242424   0.10500000   10.50228997    0.68090909  83.23390918   0.00000457   0.00003114 347.90849753  315.91082144
2202148437500.00   3.24242424   0.10500000   10.50228997    0.68090909  83.41887342   0.00000457   0.00003094 348.71274943  316.63767367
2207031250000.00   3.24242424   0.10500000   10.50228997    0.68090909  83.60383766   0.00000456   0.00003074 349.51714292  317.36468530
2211914062500.00   3.24242424   0.10500000   10.50228997    0.68090909  83.78880191   0.00000455   0.00003055 350.32167926  318.09185934
2216796875000.00   3.24242424   0.10500000   10.50228997    0.68090909  83.97376615   0.00000455   0.00003035 351.12635984  318.81919880
2221679687500.00   3.24242424   0.11500000   10.50008997    0.74575758  92.17384757   0.00000454   0.00003015 351.93118609  319.54670666
2226562500000.00   3.24242424   0.11500000   10.50008997    0.74575758  92.37642746   0.00000453   0.00002995 352.73615956  320.27438591
2231445312500.00   3.24242424   0.11500000   10.50008997    0.74575758  92.57900734   0.00000452   0.00002975 353.54128186  321.00223946
2236328125000.00   3.24242424   0.11500000   10.50008997    0.74575758  92.78158722   0.00000451   0.00002955 354.34655466  321.73027018
2241210937500.00   3.24242424   0.11000000   10.50121497    0.71333333  88.94137724   0.00000451   0.00002934 355.15197968  322.45848083
2246093750000.00   3.24675325   0.10000000   10.53140665    0.64935065  81.14014076   0.00000450   0.00002914 355.95755870  323.18687408
2250976562500.00   3.24675325   0.10000000   10.53140665    0.64935065  81.31653237   0.00000449   0.00002894 356.76329355  323.91545247
2255859375000.00   3.24675325   0.10000000   10.53140665    0.64935065  81.49292398   0.00000448   0.00002873 357.56918609  324.64421843
2260742187500.00   3.24675325   0.10000000   10.53140665    0.64935065  81.66931559   0.00000447   0.00002853 358.37523824  325.37317423
2265625000000.00   3.24675325   0.10000000   10.53140665    0.64935065  81.84570720   0.00000446   0.00002832 359.18145196  326.10232198
2270507812500.00   3.24675325   0.10500000   10.53038165    0.68181818  86.12320375   0.00000445   0.00002811 359.98782925  326.83166366
2275390625000.00   3.24675325   0.10500000   10.53038165    0.68181818  86.30841495   0.00000444   0.00002790 360.79437217  327.56120105
2280273437500.00   3.24675325   0.10500000   10.53038165    0.68181818  86.49362614   0.00000443   0.00002769 361.60108283  328.29093579
2285156250000.00   3.24675325   0.10500000   10.53038165    0.68181818  86.67883733   0.00000441   0.00002748 362.40796338  329.02086931
2290039062500.00   3.24675325   0.10500000   10.53038165    0.68181818  86.86404852   0.00000440   0.00002727 363.21501607  329.75100292
2294921875000.00   3.24675325   0.10500000   10.53038165    0.68181818  87.04925971   0.00000439   0.00002706 364.02224319  330.48133771
2299804687500.00   3.25108225   0.09500000   10.56051080    0.61770563  79.03166129   0.00000438   0.00002685 364.82964714  331.21187464
2304687500000.00   3.25108225   0.09500000   10.56051080    0.61770563  79.19945675   0.00000436   0.00002663 365.63723036  331.94261449
2309570312500.00   3.25108225   0.09500000   10.56051080    0.61770563  79.36725221   0.00000435   0.00002642 366.44499544  332.67355789
2314453125000.00   3.25108225   0.09500000   10.56051080    0.61770563  79.53504766   0.00000433   0.00002620 367.25294502  333.40470533
2319335937500.00   3.25108225   0.09500000   10.56051080    0.61770563  79.70284312   0.00000432   0.00002599 368.06108187  334.13605716
2324218750000.00   3.25108225   0.09500000   10.56051080    0.61770563  79.87063858   0.00000430   0.00002577 368.86940887  334.86761359
2329101562500.00   3.25108225   0.10000000   10.55953580    0.65021645  84.25098320   0.00000428   0.00002555 369.67792902  335.59937475
2333984375000.00   3.25108225   0.10000000   10.55953580    0.65021645  84.42761000   0.00000427   0.00002533 370.48664543  336.33134064
2338867187500.00   3.25108225   0.10000000   10.55953580    0.65021645  84.60423680   0.00000425   0.00002511 371.29556133  337.06351118
2343750000000.00   3.25108225   0.10000000   10.55953580    0.65021645  84.78086360   0.00000423   0.00002489 372.10468009  337.79588621
2348632812500.00   3.25108225   0.10000000   10.55953580    0.65021645  84.95749040   0.00000421   0.00002467 372.91400518  338.52846549
2353515625000.00   3.25108225   0.09500000   10.56051080    0.61770563  80.87741134   0.00000419   0.00002445 373.72354019  339.26124876
2358398437500.00   3.25541126   0.08500000   10.59047744    0.55341991  72.61068917   0.00000417   0.00002423 374.53328883  339.99423570
2363281250000.00   3.25541126   0.08500000   10.59047744    0.55341991  72.76102186   0.00000415   0.00002400 375.34325489  340.72742596
2368164062500.00   3.25541126   0.08500000   10.59047744    0.55341991  72.91135454   0.00000413   0.00002378 376.15344226  341.46081916
2373046875000.00   3.25541126   0.08500000   10.59047744    0.55341991  73.06168723   0.00000410   0.00002355 376.96385492  342.19441495
2377929687500.00   3.25541126   0.08500000   10.59047744    0.55341991  73.21201992   0.00000408   0.00002333 377.77449688  342.92821292
2382812500000.00   3.25541126   0.08500000   10.59047744    0.55341991  73.36235261   0.00000406   0.00002310 378.58537222  343.66221271
2387695312500.00   3.25541126   0.09500000   10.58867744    0.61852814  82.16123652   0.00000403   0.00002287 379.39648502  344.39641395
2392578125000.00   3.25541126   0.09500000   10.58867744    0.61852814  82.32925540   0.00000401   0.00002264 380.20783935  345.13081626
2397460937500.00   3.25541126   0.09500000   10.58867744    0.61852814  82.49727429   0.00000398   0.00002241 381.01943925  345.86541930
2402343750000.00   3.25541126   0.09500000   10.58867744    0.61852814  82.66529318   0.00000396   0.00002218 381.83128870  346.60022273
2407226562500.00   3.25541126   0.09500000   10.58867744    0.61852814  82.83331207   0.00000393   0.00002195 382.64339160  347.33522619
2412109375000.00   3.25541126   0.09500000   10.58867744    0.61852814  83.00133096   0.00000390   0.00002171 383.45575168  348.07042933
2416992187500.00   3.25974026   0.08500000   10.61868156    0.55415584  74.51363714   0.00000387   0.00002148 384.26837254  348.80583180
2421875000000.00   3.25974026   0.08500000   10.61868156    0.55415584  74.66416974   0.00000384   0.00002124 385.08125756  349.54143321
2426757812500.00   3.25974026   0.08500000   10.61868156    0.55415584  74.81470234   0.00000381   0.00002100 385.89440989  350.27723312
2431640625000.00   3.25974026   0.08500000   10.61868156    0.55415584  74.96523494   0.00000378   0.00002076 386.70783237  351.01323107
2436523437500.00   3.25974026   0.08500000   10.61868156    0.55415584  75.11576754   0.00000375   0.00002053 387.52152755  351.74942649
2441406250000.00   3.25974026   0.08000000   10.61950656    0.52155844  70.83887072   0.00000372   0.00002028 388.33549758  352.48581873
2446289062500.00   3.25974026   0.09500000   10.61688156    0.61935065  84.28940130   0.00000369   0.00002004 389.14974422  353.22240705
2451171875000.00   3.25974026   0.09000000   10.61780656    0.58675325  80.01250448   0.00000366   0.00001980 389.96426878  353.95919053
2456054687500.00   3.25974026   0.09000000   10.61780656    0.58675325  80.17189193   0.00000363   0.00001956 390.77907207  354.69616813
2460937500000.00   3.25974026   0.09000000   10.61780656    0.58675325  80.33127939   0.00000359   0.00001931 391.59415438  355.43333861
2465820312500.00   3.25974026   0.09000000   10.61780656    0.58675325  80.49066685   0.00000356   0.00001907 392.40951542  356.17070052
2470703125000.00   3.26406926   0.08000000   10.64774816    0.52225108  71.78414160   0.00000353   0.00001882 393.22515430  356.90825218
2475585937500.00   3.26406926   0.08000000   10.64774816    0.52225108  71.92600749   0.00000349   0.00001857 394.04106950  357.64599166
2480468750000.00   3.26406926   0.08000000   10.64774816    0.52225108  72.06787338   0.00000346   0.00001832 394.85725883  358.38391675
2485351562500.00   3.26406926   0.08000000   10.64774816    0.52225108  72.20973928   0.00000342   0.00001807 395.67371942  359.12202494
2490234375000.00   3.26406926   0.08000000   10.64774816    0.52225108  72.35160517   0.00000339   0.00001782 396.49044766  359.86031342
2495117187500.00   3.26406926   0.08000000   10.64774816    0.52225108  72.49347106   0.00000335   0.00001757 397.30743923  360.59877905
2500000000000.00   3.26406926   0.08500000   10.64692316    0.55489177  77.17504551   0.00000332   0.00001732 398.12468909  361.33741832
2504882812500.00   3.26406926   0.08500000   10.64692316    0.55489177  77.32577802   0.00000328   0.00001707 398.94219141  362.07622741
2509765625000.00   3.26406926   0.08500000   10.64692316    0.55489177  77.47651053   0.00000324   0.00001682 399.75993966  362.81520214
2514648437500.00   3.26406926   0.08500000   10.64692316    0.55489177  77.62724304   0.00000321   0.00001657 400.57792654  363.55433798
2519531250000.00   3.26406926   0.08500000   10.64692316    0.55489177  77.77797556   0.00000317   0.00001632 401.39614404  364.29363006
2524414062500.00   3.26839827   0.07500000   10.67680224    0.49025974  68.85181923   0.00000314   0.00001607 402.21458344  365.03307319
2529296875000.00   3.26839827   0.07500000   10.67680224    0.49025974  68.98499489   0.00000310   0.00001581 403.03323535  365.77266186
2534179687500.00   3.26839827   0.07500000   10.67680224    0.49025974  69.11817056   0.00000306   0.00001556 403.85208973  366.51239030
2539062500000.00   3.26839827   0.07500000   10.67680224    0.49025974  69.25134622   0.00000303   0.00001531 404.67113593  367.25225247
2543945312500.00   3.26839827   0.07500000   10.67680224    0.49025974  69.38452189   0.00000299   0.00001506 405.49036276  367.99224213
2548828125000.00   3.26839827   0.08500000   10.67520224    0.55562771  78.78672390   0.00000295   0.00001481 406.30975853  368.73235288
2553710937500.00   3.26839827   0.08000000   10.67602724    0.52294372  74.29426477   0.00000292   0.00001457 407.12931109  369.47257818
2558593750000.00   3.26839827   0.08000000   10.67602724    0.52294372  74.43631881   0.00000288   0.00001432 407.94900793  370.21291145
2563476562500.00   3.26839827   0.08000000   10.67602724    0.52294372  74.57837286   0.00000284   0.00001407 408.76883624  370.95334609
2568359375000.00   3.27272727   0.07000000   10.70584380    0.45818182  65.46697006   0.00000280   0.00001382 409.58878296  371.69387555
2573242187500.00   3.27272727   0.07000000   10.70584380    0.45818182  65.59143198   0.00000277   0.00001358 410.40883491  372.43449344
2578125000000.00   3.27272727   0.07000000   10.70584380    0.45818182  65.71589390   0.00000273   0.00001334 411.22897883  373.17519352
2583007812500.00   3.27272727   0.07000000   10.70584380    0.45818182  65.84035582   0.00000269   0.00001309 412.04920148  373.91596985
2587890625000.00   3.27272727   0.07000000   10.70584380    0.45818182  65.96481774   0.00000266   0.00001285 412.86948974  374.65681678
2592773437500.00   3.27272727   0.07500000   10.70511880    0.49090909  70.80994249   0.00000262   0.00001261 413.68983069  375.39772910
2597656250000.00   3.27272727   0.07500000   10.70511880    0.49090909  70.94329455   0.00000258   0.00001238 414.51021167  376.13870204
2602539062500.00   3.27272727   0.07500000   10.70511880    0.49090909  71.07664661   0.00000255   0.00001214 415.33062044  376.87973137
2607421875000.00   3.27272727   0.07500000   10.70511880    0.49090909  71.20999867   0.00000251   0.00001191 416.15104518  377.62081342
2612304687500.00   3.27272727   0.07500000   10.70511880    0.49090909  71.34335072   0.00000247   0.00001167 416.97147464  378.36194518
2617187500000.00   3.27705628   0.07000000   10.73419784    0.45878788  66.79983210   0.00000244   0.00001144 417.79189820  379.10312430
2622070312500.00   3.27705628   0.06500000   10.73487284    0.42601732  62.14414018   0.00000240   0.00001122 418.61230595  379.84434915
2626953125000.00   3.27705628   0.06500000   10.73487284    0.42601732  62.25986484   0.00000236   0.00001099 419.43268875  380.58561882
2631835937500.00   3.27705628   0.06500000   10.73487284    0.42601732  62.37558949   0.00000233   0.00001077 420.25303833  381.32693318
2636718750000.00   3.27705628   0.06500000   10.73487284    0.42601732  62.49131415   0.00000229   0.00001054 421.07334732  382.06829283
2641601562500.00   3.27705628   0.06500000   10.73487284    0.42601732  62.60703881   0.00000225   0.00001033 421.89360932  382.80969913
2646484375000.00   3.27705628   0.07500000   10.73347284    0.49155844  72.37241938   0.00000222   0.00001011 422.71381900  383.55115418
2651367187500.00   3.27705628   0.07500000   10.73347284    0.49155844  72.50594783   0.00000218   0.00000989 423.53397204  384.29266077
2656250000000.00   3.27705628   0.07000000   10.73419784    0.45878788  67.79684452   0.00000214   0.00000968 424.35406530  385.03422236
2661132812500.00   3.27705628   0.07000000   10.73419784    0.45878788  67.92147108   0.00000211   0.00000947 425.17409672  385.77584302
2666015625000.00   3.27705628   0.07000000   10.73419784    0.45878788  68.04609763   0.00000207   0.00000927 425.99406546  386.51752737
2670898437500.00   3.27705628   0.07000000   10.73419784    0.45878788  68.17072418   0.00000203   0.00000906 426.81397185  387.25928050
2675781250000.00   3.28138528   0.06500000   10.76326436    0.42658009  63.50088565   0.00000200   0.00000886 427.63381741  388.00110790
2680664062500.00   3.28138528   0.06000000   10.76388936    0.39376623  58.72316601   0.00000196   0.00000866 428.45360487  388.74301537
2685546875000.00   3.28138528   0.06000000   10.76388936    0.39376623  58.83012988   0.00000193   0.00000847 429.27333814  389.48500894
2690429687500.00   3.28138528   0.06000000   10.76388936    0.39376623  58.93709376   0.00000189   0.00000827 430.09302233  390.22709475
2695312500000.00   3.28138528   0.06000000   10.76388936    0.39376623  59.04405763   0.00000186   0.00000808 430.91266369  390.96927896
2700195312500.00   3.28138528   0.06000000   10.76388936    0.39376623  59.15102150   0.00000182   0.00000790 431.73226961  391.71156768
2705078125000.00   3.28138528   0.06000000   10.76388936    0.39376623  59.25798537   0.00000179   0.00000771 432.55184856  392.45396683
2709960937500.00   3.28138528   0.07000000   10.76258936    0.45939394  69.25910746   0.00000175   0.00000753 433.37141007  393.19648207
2714843750000.00   3.28138528   0.07000000   10.76258936    0.45939394  69.38389864   0.00000172   0.00000735 434.19096464  393.93911874
2719726562500.00   3.28138528   0.07000000   10.76258936    0.45939394  69.50868982   0.00000168   0.00000718 435.01052372  394.68188174
2724609375000.00   3.28138528   0.07000000   10.76258936    0.45939394  69.63348101   0.00000165   0.00000700 435.83009960  395.42477550
2729492187500.00   3.28138528   0.07000000   10.76258936    0.45939394  69.75827219   0.00000162   0.00000684 436.64970536  396.16780392
2734375000000.00   3.28138528   0.07000000   10.76258936    0.45939394  69.88306338   0.00000158   0.00000667 437.46935478  396.91097033
2739257812500.00   3.28138528   0.06500000   10.76326436    0.42658009  65.00729352   0.00000155   0.00000651 438.28906224  397.65427747
2744140625000.00   3.28138528   0.06500000   10.76326436    0.42658009  65.12317105   0.00000152   0.00000635 439.10884263  398.39772747
2749023437500.00   3.28138528   0.06500000   10.76326436    0.42658009  65.23904858   0.00000148   0.00000619 439.92871124  399.14132191
2753906250000.00   3.28571429   0.05500000   10.79289337    0.36142857  55.37327766   0.00000145   0.00000604 440.74868363  399.88506180
2758789062500.00   3.28571429   0.05500000   10.79289337    0.36142857  55.47145723   0.00000142   0.00000588 441.56877556  400.62894765
2763671875000.00   3.28571429   0.05500000   10.79289337    0.36142857  55.56963680   0.00000139   0.00000574 442.38900284  401.37297952
2768554687500.00   3.28571429   0.05500000   10.79289337    0.36142857  55.66781637   0.00000136   0.00000559 443.20938120  402.11715713
2773437500000.00   3.28571429   0.05500000   10.79289337    0.36142857  55.76599594   0.00000133   0.00000545 444.02992616  402.86147988
2778320312500.00   3.28571429   0.05500000   10.79289337    0.36142857  55.86417551   0.00000130   0.00000531 444.85065295  403.60594702
2783203125000.00   3.28571429   0.05500000   10.79289337    0.36142857  55.96235508   0.00000127   0.00000517 445.67157632  404.35055771
2788085937500.00   3.28571429   0.05500000   10.79289337    0.36142857  56.06053465   0.00000124   0.00000503 446.49271043  405.09531116
2792968750000.00   3.28571429   0.05500000   10.79289337    0.36142857  56.15871422   0.00000121   0.00000490 447.31406874  405.84020668
2797851562500.00   3.28571429   0.05500000   10.79289337    0.36142857  56.25689379   0.00000118   0.00000477 448.13566386  406.58524385
2802734375000.00   3.28571429   0.06000000   10.79231837    0.39428571  61.47826185   0.00000115   0.00000464 448.95750746  407.33042256
2807617187500.00   3.28571429   0.06000000   10.79231837    0.39428571  61.58536684   0.00000112   0.00000452 449.77961010  408.07574314
2812500000000.00   3.28571429   0.06000000   10.79231837    0.39428571  61.69247182   0.00000110   0.00000439 450.60198118  408.82120637
2817382812500.00   3.28571429   0.06000000   10.79231837    0.39428571  61.79957681   0.00000107   0.00000427 451.42462880  409.56681361
2822265625000.00   3.28571429   0.06000000   10.79231837    0.39428571  61.90668180   0.00000104   0.00000415 452.24755965  410.31256674
2827148437500.00   3.28571429   0.06500000   10.79169337    0.42714286  67.18160235   0.00000102   0.00000404 453.07077896  411.05846825
2832031250000.00   3.28571429   0.06500000   10.79169337    0.42714286  67.29763275   0.00000099   0.00000392 453.89429041  411.80452117
2836914062500.00   3.28571429   0.06000000   10.79231837    0.39428571  62.22799675   0.00000096   0.00000381 454.71809606  412.55072904
2841796875000.00   3.29004329   0.05000000   10.82188485    0.32900433  52.01435806   0.00000094   0.00000370 455.54219628  413.29709584
2846679687500.00   3.29004329   0.05000000   10.82188485    0.32900433  52.10372981   0.00000091   0.00000359 456.36658973  414.04362588
2851562500000.00   3.29004329   0.05000000   10.82188485    0.32900433  52.19310156   0.00000089   0.00000348 457.19127332  414.79032370
2856445312500.00   3.29004329   0.05000000   10.82188485    0.32900433  52.28247331   0.00000087   0.00000338 458.01624219  415.53719387
2861328125000.00   3.29004329   0.05000000   10.82188485    0.32900433  52.37184506   0.00000084   0.00000327 458.84148969  416.28424087
2866210937500.00   3.29004329   0.05000000   10.82188485    0.32900433  52.46121681   0.00000082   0.00000317 459.66700742  417.03146886
2871093750000.00   3.29004329   0.05000000   10.82188485    0.32900433  52.55058856   0.00000080   0.00000307 460.49278521  417.77888146
2875976562500.00   3.29004329   0.05000000   10.82188485    0.32900433  52.63996031   0.00000078   0.00000298 461.31881114  418.52648154
2880859375000.00   3.29004329   0.05500000   10.82135985    0.36190476  58.00226526   0.00000075   0.00000288 462.14507161  419.27427098
2885742187500.00   3.29004329   0.05500000   10.82135985    0.36190476  58.10057418   0.00000073   0.00000279 462.97155136  420.02225044
2890625000000.00   3.29004329   0.05500000   10.82135985    0.36190476  58.19888311   0.00000071   0.00000270 463.79823350  420.77041912
2895507812500.00   3.29004329   0.05500000   10.82135985    0.36190476  58.29719203   0.00000069   0.00000261 464.62509960  421.51877454
2900390625000.00   3.29004329   0.05500000   10.82135985    0.36190476  58.39550096   0.00000067   0.00000252 465.45212969  422.26731240
2905273437500.00   3.29004329   0.05500000   10.82135985    0.36190476  58.49380988   0.00000065   0.00000243 466.27930237  423.01602633
2910156250000.00   3.29004329   0.05500000   10.82135985    0.36190476  58.59211881   0.00000063   0.00000235 467.10659480  423.76490788
2915039062500.00   3.29437229   0.05000000   10.85038881    0.32943723  53.42513816   0.00000061   0.00000227 467.93398279  424.51394638
2919921875000.00   3.29437229   0.04500000   10.85086381    0.29649351  48.16316475   0.00000059   0.00000219 468.76144080  425.26312896
2924804687500.00   3.29437229   0.04500000   10.85086381    0.29649351  48.24370516   0.00000058   0.00000212 469.58894199  426.01244065
2929687500000.00   3.29437229   0.04500000   10.85086381    0.29649351  48.32424557   0.00000056   0.00000204 470.41645820  426.76186448
2934570312500.00   3.29437229   0.04500000   10.85086381    0.29649351  48.40478598   0.00000054   0.00000197 471.24395999  427.51138173
2939453125000.00   3.29437229   0.04500000   10.85086381    0.29649351  48.48532639   0.00000052   0.00000190 472.07141656  428.26097225
2944335937500.00   3.29437229   0.04500000   10.85086381    0.29649351  48.56586680   0.00000051   0.00000183 472.89879576  429.01061483
2949218750000.00   3.29437229   0.05000000   10.85038881    0.32943723  54.05156357   0.00000049   0.00000176 473.72606398  429.76028773
2954101562500.00   3.29437229   0.05500000   10.84986381    0.36238095  59.55515820   0.00000047   0.00000170 474.55318608  430.50996918
2958984375000.00   3.29437229   0.05500000   10.84986381    0.36238095  59.65359648   0.00000046   0.00000164 475.38012528  431.25963805
2963867187500.00   3.29437229   0.05500000   10.84986381    0.36238095  59.75203476   0.00000044   0.00000158 476.20684297  432.00927452
2968750000000.00   3.29437229   0.05000000   10.85038881    0.32943723  54.40952094   0.00000043   0.00000152 477.03329859  432.75886083
2973632812500.00   3.29437229   0.05000000   10.85038881    0.32943723  54.49901028   0.00000041   0.00000146 477.85944940  433.50838200
2978515625000.00   3.29437229   0.05000000   10.85038881    0.32943723  54.58849963   0.00000039   0.00000141 478.68525022  434.25782665
2983398437500.00   3.29437229   0.05000000   10.85038881    0.32943723  54.67798897   0.00000038   0.00000136 479.51065319  435.00718774
2988281250000.00   3.29437229   0.05000000   10.85038881    0.32943723  54.76747832   0.00000037   0.00000130 480.33560743  435.75646334
2993164062500.00   3.29437229   0.05000000   10.85038881    0.32943723  54.85696766   0.00000035   0.00000125 481.16005872  436.50565733
2998046875000.00   3.29437229   0.05000000   10.85038881    0.32943723  54.94645700   0.00000034   0.00000121 481.98394914  437.25478006
3002929687500.00   3.29437229   0.05000000   10.85038881    0.32943723  55.03594635   0.00000033   0.00000116 482.80721661  438.00384898
