%title reference_substrate_125K
%Created 3
%type 0
%Parameters Parameters
%param Position of delay line pump+THz,131.50031
%param accumulations,10
%param Lockin time constant,0.05
%param Reader function used,Read X
%param Lockin sensitivity,0.05
%param scannerversion,4.12
%param Delay line THz,scanning
%param Position of delay line pump,30.00009
%param Date and time,2025-11-13 15:46:35.269000
1.315000000000000000e+02 -2.224999999999999602e-04
1.315499999999999829e+02 -4.640000000000000027e-04
1.315999999999999943e+02 -2.870000000000000372e-04
1.316500000000000625e+02 -5.529999999999999976e-04
1.317000000000000455e+02 -1.164999999999999857e-04
1.317500000000000284e+02 -1.929999999999999750e-04
1.318000000000000966e+02 -4.329999999999999539e-04
1.318500000000001080e+02 -3.490000000000000263e-04
1.319000000000000909e+02 -3.949999999999999518e-04
1.319500000000000739e+02 -5.289999999999999564e-04
1.320000000000000853e+02 -6.839999999999999292e-04
1.320500000000001535e+02 -2.020000000000000040e-04
1.321000000000001364e+02 -1.760000000000000225e-04
1.321500000000001194e+02 -2.040000000000000255e-04
1.322000000000001876e+02 -3.200000000000000262e-04
1.322500000000001990e+02 -5.109999999999999525e-04
1.323000000000001819e+02 -3.575000000000000703e-04
1.323500000000001648e+02 -3.779999999999999723e-04
1.324000000000001762e+02 -2.750000000000000776e-05
1.324500000000002444e+02 -2.350000000000000201e-04
1.325000000000002274e+02 -3.629999999999999872e-04
1.325500000000002103e+02 -3.675000000000000423e-04
1.326000000000002785e+02 -2.339999999999999687e-04
1.326500000000002899e+02 -2.674999999999999427e-04
1.327000000000002728e+02 -2.770000000000000110e-04
1.327500000000002558e+02 -2.675000000000000511e-04
1.328000000000002672e+02 -2.140000000000000517e-04
1.328500000000003354e+02 -8.849999999999999631e-05
1.329000000000003183e+02 -1.165000000000000399e-04
1.329500000000003013e+02 1.234999999999999932e-04
1.330000000000003695e+02 -3.649999999999999951e-05
1.330500000000003809e+02 1.005000000000000305e-04
1.331000000000003638e+02 1.999999999999998808e-05
1.331500000000003467e+02 -1.469999999999999953e-04
1.332000000000003581e+02 1.014999999999999870e-04
1.332500000000004263e+02 9.499999999999999168e-05
1.333000000000004093e+02 3.604999999999999806e-04
1.333500000000003922e+02 -1.149999999999999831e-05
1.334000000000004604e+02 1.769999999999999926e-04
1.334500000000004718e+02 -1.359999999999999989e-04
1.335000000000004547e+02 1.659999999999999692e-04
1.335500000000004377e+02 -4.199999999999999632e-04
1.336000000000004491e+02 -6.769999999999999759e-04
1.336500000000005173e+02 -7.859999999999999149e-04
1.337000000000005002e+02 -1.227999999999999925e-03
1.337500000000004832e+02 -1.365499999999999960e-03
1.338000000000005514e+02 -1.910500000000000306e-03
1.338500000000005627e+02 -2.670500000000000131e-03
1.339000000000005457e+02 -3.380999999999999891e-03
1.339500000000005286e+02 -3.610499999999999994e-03
1.340000000000005400e+02 -4.248000000000000040e-03
1.340500000000006082e+02 -4.689000000000000459e-03
1.341000000000005912e+02 -5.429999999999999931e-03
1.341500000000005741e+02 -6.267499999999999634e-03
1.342000000000006423e+02 -6.225999999999999764e-03
1.342500000000006537e+02 -5.981999999999999471e-03
1.343000000000006366e+02 -5.128499999999999379e-03
1.343500000000006196e+02 -3.814000000000000550e-03
1.344000000000006310e+02 -1.922000000000000097e-03
1.344500000000006992e+02 4.635000000000000448e-04
1.345000000000006821e+02 3.020499999999999748e-03
1.345500000000006651e+02 6.729499999999999371e-03
1.346000000000007333e+02 9.771999999999999437e-03
1.346500000000007446e+02 1.206600000000000381e-02
1.347000000000007276e+02 1.360950000000000007e-02
1.347500000000007105e+02 1.391050000000000099e-02
1.348000000000007219e+02 1.177850000000000077e-02
1.348500000000007901e+02 8.437500000000000555e-03
1.349000000000007731e+02 4.191000000000001148e-03
1.349500000000007560e+02 -1.063499999999999992e-03
1.350000000000008242e+02 -6.125499999999999869e-03
1.350500000000008356e+02 -9.785000000000000295e-03
1.351000000000008185e+02 -1.155700000000000130e-02
1.351500000000008015e+02 -1.070549999999999974e-02
1.352000000000008129e+02 -8.340499999999998956e-03
1.352500000000008811e+02 -4.457999999999999290e-03
1.353000000000008640e+02 -6.159999999999999027e-04
1.353500000000008470e+02 2.671000000000000631e-03
1.354000000000009152e+02 3.958500000000000213e-03
1.354500000000009265e+02 3.357500000000000241e-03
1.355000000000009095e+02 1.307000000000000002e-03
1.355500000000008924e+02 -1.193499999999999900e-03
1.356000000000009038e+02 -3.143999999999999660e-03
1.356500000000009720e+02 -3.518499999999999926e-03
1.357000000000009550e+02 -2.164500000000000191e-03
1.357500000000009379e+02 -4.399999999999999886e-05
1.358000000000010061e+02 2.406500000000000219e-03
1.358500000000010175e+02 3.494500000000000210e-03
1.359000000000010004e+02 3.238999999999999692e-03
1.359500000000009834e+02 1.430999999999999980e-03
1.360000000000009948e+02 -1.472999999999999917e-03
1.360500000000010630e+02 -3.744999999999999631e-03
1.361000000000010459e+02 -4.814999999999998968e-03
1.361500000000010289e+02 -3.502499999999999971e-03
1.362000000000010971e+02 -1.658999999999999668e-03
1.362500000000011084e+02 8.785000000000001575e-04
1.363000000000010914e+02 2.822499999999999922e-03
1.363500000000010743e+02 2.654499999999999742e-03
1.364000000000010857e+02 2.032499999999999585e-03
1.364500000000011539e+02 -2.365000000000000023e-04
1.365000000000011369e+02 -1.981499999999999755e-03
1.365500000000011198e+02 -2.506499999999999614e-03
1.366000000000011880e+02 -1.918999999999999916e-03
1.366500000000011994e+02 -6.974999999999998779e-04
1.367000000000011823e+02 2.660000000000000146e-04
1.367500000000011653e+02 7.864999999999998728e-04
1.368000000000011767e+02 6.244999999999999466e-04
1.368500000000012449e+02 -4.845000000000000131e-04
1.369000000000012278e+02 -1.627500000000000040e-03
1.369500000000012108e+02 -1.884999999999999957e-03
1.370000000000012790e+02 -1.627999999999999890e-03
1.370500000000012903e+02 -1.367500000000000009e-03
1.371000000000012733e+02 -5.140000000000000254e-04
1.371500000000012562e+02 2.504999999999999631e-04
1.372000000000012676e+02 9.300000000000002438e-05
1.372500000000013358e+02 -4.250000000000000983e-05
1.373000000000013188e+02 -6.439999999999999327e-04
1.373500000000013017e+02 -2.799999999999999755e-04
1.374000000000013699e+02 -4.189999999999999389e-04
1.374500000000013813e+02 4.550000000000000144e-05
1.375000000000013642e+02 2.370000000000000145e-04
1.375500000000013472e+02 2.145000000000000097e-04
1.376000000000013586e+02 -7.999999999999999299e-05
1.376500000000014268e+02 -1.015000000000000006e-04
1.377000000000014097e+02 -3.270000000000000337e-04
1.377500000000013927e+02 -1.042999999999999873e-03
1.378000000000014609e+02 -7.480000000000000754e-04
1.378500000000014722e+02 -8.029999999999998944e-04
1.379000000000014552e+02 -9.330000000000000186e-04
1.379500000000014381e+02 -4.045000000000000201e-04
1.380000000000014495e+02 -5.379999999999999583e-04
1.380500000000015177e+02 -7.645000000000000970e-04
1.381000000000015007e+02 -1.860000000000000217e-04
1.381500000000014836e+02 -5.239999999999999433e-04
1.382000000000015518e+02 -2.674999999999999969e-04
1.382500000000015632e+02 -2.190000000000000106e-04
1.383000000000015461e+02 2.094999999999999966e-04
1.383500000000015291e+02 -4.849999999999999304e-05
1.384000000000015405e+02 1.734999999999999889e-04
1.384500000000016087e+02 -4.485000000000000054e-04
1.385000000000015916e+02 -2.154999999999999798e-04
1.385500000000015746e+02 -2.539999999999999940e-04
1.386000000000016428e+02 -2.454999999999999500e-04
1.386500000000016541e+02 -1.625000000000000468e-04
1.387000000000016371e+02 -8.970000000000000109e-04
1.387500000000016200e+02 -6.514999999999999524e-04
1.388000000000016314e+02 -6.790000000000001330e-04
1.388500000000016996e+02 -3.565000000000000460e-04
1.389000000000016826e+02 -8.205000000000000487e-04
1.389500000000016655e+02 -4.105000000000000033e-04
1.390000000000017337e+02 -4.774999999999999514e-04
1.390500000000017451e+02 -5.394999999999999405e-04
1.391000000000017280e+02 -2.500000000000000052e-04
1.391500000000017110e+02 -2.424999999999999584e-04
1.392000000000017224e+02 -3.004999999999999859e-04
1.392500000000017906e+02 -1.959999999999999937e-04
1.393000000000017735e+02 -3.599999999999999685e-04
1.393500000000017565e+02 -2.849999999999999886e-04
1.394000000000018247e+02 -1.374999999999999812e-04
1.394500000000018360e+02 -2.309999999999999499e-04
1.395000000000018190e+02 -3.375000000000000179e-04
1.395500000000018019e+02 -2.065000000000000049e-04
1.396000000000018133e+02 -5.074999999999999217e-04
1.396500000000018815e+02 2.009999999999999526e-04
1.397000000000018645e+02 -3.534999999999999731e-04
1.397500000000018474e+02 -5.245000000000000096e-04
1.398000000000019156e+02 -1.509999999999999841e-04
1.398500000000019270e+02 -3.254999999999999430e-04
1.399000000000019099e+02 -2.684999999999999670e-04
1.399500000000018929e+02 -2.499999999999984958e-06
1.400000000000019043e+02 -2.740000000000000465e-04
1.400500000000019725e+02 -2.954999999999999728e-04
1.401000000000019554e+02 -4.090000000000000753e-04
1.401500000000019384e+02 -8.549999999999999115e-05
1.402000000000020066e+02 -1.894999999999999983e-04
1.402500000000020179e+02 -5.990000000000000316e-04
1.403000000000020009e+02 -3.675000000000000423e-04
1.403500000000019838e+02 -4.060000000000000024e-04
1.404000000000019952e+02 -4.690000000000000700e-04
1.404500000000020634e+02 -5.944999999999999764e-04
1.405000000000020464e+02 -3.370000000000000057e-04
1.405500000000020293e+02 -3.090000000000000299e-04
1.406000000000020975e+02 6.150000000000001765e-05
1.406500000000021089e+02 -2.774999999999999689e-04
1.407000000000020918e+02 -1.584999999999999766e-04
1.407500000000020748e+02 2.349999999999998168e-05
1.408000000000020862e+02 -5.485000000000000509e-04
1.408500000000021544e+02 -4.624999999999999663e-04
1.409000000000021373e+02 -5.270000000000000162e-04
1.409500000000021203e+02 -9.849999999999999544e-05
1.410000000000021885e+02 -3.659999999999999517e-04
1.410500000000021998e+02 -1.735000000000000160e-04
1.411000000000021828e+02 -6.654999999999999674e-04
1.411500000000021657e+02 -2.764999999999999988e-04
1.412000000000021771e+02 -4.754999999999999570e-04
1.412500000000022453e+02 -5.069999999999999637e-04
1.413000000000022283e+02 -5.619999999999999996e-04
1.413500000000022112e+02 -2.569999999999999585e-04
1.414000000000022794e+02 -5.165000000000000320e-04
1.414500000000022908e+02 -7.015000000000000836e-04
1.415000000000022737e+02 -4.449999999999999204e-04
1.415500000000022567e+02 -2.714999999999999857e-04
1.416000000000022681e+02 -3.935000000000000238e-04
1.416500000000023363e+02 -9.049999999999999072e-05
1.417000000000023192e+02 -3.630000000000000414e-04
1.417500000000023022e+02 -2.409999999999999762e-04
1.418000000000023704e+02 -1.340000000000000045e-04
1.418500000000023817e+02 -4.359999999999999184e-04
1.419000000000023647e+02 -2.784999999999999932e-04
1.419500000000023476e+02 -3.019999999999999681e-04
1.420000000000023590e+02 -2.885000000000000194e-04
1.420500000000024272e+02 -4.509999999999999036e-04
1.421000000000024102e+02 -2.985000000000000457e-04
1.421500000000023931e+02 -2.024999999999999890e-04
1.422000000000024613e+02 -3.139999999999999888e-04
1.422500000000024727e+02 2.150000000000000083e-05
1.423000000000024556e+02 -3.135000000000000308e-04
1.423500000000024386e+02 -5.529999999999999976e-04
1.424000000000024500e+02 -1.569999999999999673e-04
