%title reference_air
%Created 3
%type 0
%Parameters Parameters
%param Position of delay line pump+THz,125.99983
%param accumulations,8
%param Lockin time constant,0.05
%param Reader function used,Read X
%param Lockin sensitivity,0.05
%param scannerversion,4.12
%param Delay line THz,scanning
%param Position of delay line pump,30.00009
%param Date and time,2025-11-13 13:12:10.614000
1.260000000000000000e+02 -3.618750000000001089e-04
1.260499999999999829e+02 -5.231249999999999355e-04
1.261000000000000085e+02 -1.756250000000000270e-04
1.261499999999999915e+02 -4.943750000000000228e-04
1.262000000000000171e+02 -3.193749999999999974e-04
1.262499999999999858e+02 -3.593749999999999939e-04
1.262999999999999687e+02 -1.137500000000000002e-04
1.263499999999999943e+02 -3.149999999999999589e-04
1.263999999999999773e+02 -1.137500000000000002e-04
1.264499999999999602e+02 -1.318750000000000206e-04
1.264999999999999858e+02 -8.625000000000000938e-05
1.265499999999999687e+02 -1.312500000000000190e-04
1.265999999999999375e+02 -2.818750000000000075e-04
1.266499999999999631e+02 -1.456250000000000025e-04
1.266999999999999460e+02 -1.675000000000000057e-04
1.267499999999999716e+02 -1.793750000000000097e-04
1.267999999999999545e+02 -5.206250000000000374e-04
1.268499999999999375e+02 3.124999999999992950e-06
1.268999999999999631e+02 -1.474999999999999532e-04
1.269499999999999460e+02 -3.131249999999999810e-04
1.269999999999999716e+02 -4.874999999999999776e-04
1.270499999999999403e+02 -6.875000000000000414e-05
1.270999999999999233e+02 -3.662499999999999849e-04
1.271499999999999488e+02 -1.718750000000000171e-04
1.271999999999999318e+02 1.956249999999999981e-04
1.272499999999999147e+02 -1.093749999999999752e-04
1.272999999999999403e+02 -1.012500000000000081e-04
1.273499999999999233e+02 7.500000000000003578e-06
1.273999999999998920e+02 -1.187500000000000404e-05
1.274499999999999176e+02 2.400000000000000332e-04
1.274999999999999005e+02 6.206249999999998660e-04
1.275499999999999261e+02 2.937500000000002284e-05
1.275999999999999091e+02 2.175000000000000013e-04
1.276499999999998920e+02 2.443750000000000176e-04
1.276999999999999176e+02 1.250000000000001246e-05
1.277499999999999005e+02 1.399999999999999877e-04
1.277999999999999261e+02 2.312500000000000644e-05
1.278499999999998948e+02 -2.581249999999999994e-04
1.278999999999998778e+02 -4.206249999999999377e-04
1.279499999999999034e+02 -1.176874999999999970e-03
1.279999999999998863e+02 -1.407499999999999897e-03
1.280499999999999261e+02 -1.994999999999999812e-03
1.280999999999999091e+02 -2.739374999999999623e-03
1.281499999999998920e+02 -3.505624999999999627e-03
1.281999999999999318e+02 -4.485000000000000271e-03
1.282499999999999716e+02 -6.071874999999999148e-03
1.282999999999999545e+02 -7.496875000000000067e-03
1.283499999999999375e+02 -8.326875000000000943e-03
1.283999999999999773e+02 -9.748124999999999846e-03
1.284500000000000171e+02 -1.017500000000000002e-02
1.285000000000000000e+02 -1.078812499999999910e-02
1.285499999999999829e+02 -9.969375000000000805e-03
1.286000000000000227e+02 -8.578124999999998945e-03
1.286500000000000625e+02 -6.243125000000000410e-03
1.287000000000000455e+02 -2.315624999999999975e-03
1.287500000000000284e+02 2.595625000000000276e-03
1.288000000000000682e+02 8.700000000000001135e-03
1.288500000000001080e+02 1.488062500000000149e-02
1.289000000000000909e+02 2.121312500000000281e-02
1.289500000000000739e+02 2.459499999999999881e-02
1.290000000000001137e+02 2.673187499999999869e-02
1.290500000000001535e+02 2.524124999999999980e-02
1.291000000000001364e+02 1.966937499999999936e-02
1.291500000000001194e+02 1.158875000000000009e-02
1.292000000000001592e+02 2.519374999999999913e-03
1.292500000000001990e+02 -8.065624999999999878e-03
1.293000000000001819e+02 -1.614374999999999838e-02
1.293500000000001648e+02 -2.066625000000000059e-02
1.294000000000002046e+02 -2.054062499999999986e-02
1.294500000000002444e+02 -1.574687500000000046e-02
1.295000000000002274e+02 -8.863125000000001211e-03
1.295500000000002103e+02 -1.462500000000000583e-04
1.296000000000002501e+02 6.111874999999999253e-03
1.296500000000002899e+02 9.303750000000001255e-03
1.297000000000002728e+02 7.789375000000000292e-03
1.297500000000002558e+02 2.148750000000000052e-03
1.298000000000002956e+02 -3.886249999999999948e-03
1.298500000000003354e+02 -9.371874999999999997e-03
1.299000000000003183e+02 -1.126999999999999877e-02
1.299500000000003013e+02 -8.407500000000000043e-03
1.300000000000003411e+02 -2.606875000000000251e-03
1.300500000000003809e+02 3.686875000000000482e-03
1.301000000000003638e+02 8.403749999999999762e-03
1.301500000000003467e+02 8.926875000000000782e-03
1.302000000000003865e+02 4.743749999999999703e-03
1.302500000000004263e+02 -9.468750000000001254e-04
1.303000000000004093e+02 -6.659999999999999254e-03
1.303500000000003922e+02 -9.041874999999999565e-03
1.304000000000004320e+02 -7.516875000000000119e-03
1.304500000000004718e+02 -2.100625000000000062e-03
1.305000000000004547e+02 2.589374999999999663e-03
1.305500000000004377e+02 5.779999999999999548e-03
1.306000000000004775e+02 6.219999999999999835e-03
1.306500000000005173e+02 2.664999999999999834e-03
1.307000000000005002e+02 -1.596874999999999987e-03
1.307500000000004832e+02 -4.339999999999999240e-03
1.308000000000005230e+02 -4.486875000000000412e-03
1.308500000000005627e+02 -2.621249999999999882e-03
1.309000000000005457e+02 1.106249999999999920e-04
1.309500000000005286e+02 2.462500000000000279e-03
1.310000000000005684e+02 2.381250000000000120e-03
1.310500000000006082e+02 8.499999999999999526e-04
1.311000000000005912e+02 -1.706875000000000059e-03
1.311500000000005741e+02 -2.795000000000000175e-03
1.312000000000006139e+02 -2.884374999999999786e-03
1.312500000000006537e+02 -1.449999999999999900e-03
1.313000000000006366e+02 1.331249999999999968e-04
1.313500000000006196e+02 9.718749999999998657e-04
1.314000000000006594e+02 2.143749999999999389e-04
1.314500000000006992e+02 -5.387499999999999494e-04
1.315000000000006821e+02 -7.525000000000000222e-04
1.315500000000006651e+02 -1.291250000000000080e-03
1.316000000000007049e+02 -1.105625000000000054e-03
1.316500000000007446e+02 4.393749999999999869e-04
1.317000000000007276e+02 1.142499999999999852e-03
1.317500000000007105e+02 1.655000000000000004e-03
1.318000000000007503e+02 5.137499999999999923e-04
1.318500000000007901e+02 1.499999999999999869e-04
1.319000000000007731e+02 -5.943750000000000682e-04
1.319500000000007560e+02 -7.662500000000000040e-04
1.320000000000007958e+02 -8.012500000000000958e-04
1.320500000000008356e+02 -5.512499999999999822e-04
1.321000000000008185e+02 -5.706249999999999517e-04
1.321500000000008015e+02 -6.506250000000000531e-04
1.322000000000008413e+02 -1.004375000000000059e-03
1.322500000000008811e+02 -1.200624999999999869e-03
1.323000000000008640e+02 -1.131875000000000069e-03
1.323500000000008470e+02 -6.881249999999999346e-04
1.324000000000008868e+02 -4.331250000000000247e-04
1.324500000000009265e+02 -1.031250000000000130e-04
1.325000000000009095e+02 -6.625000000000001114e-05
1.325500000000008924e+02 -2.124999999999999611e-04
1.326000000000009322e+02 9.937499999999998960e-05
1.326500000000009720e+02 3.237500000000000360e-04
1.327000000000009550e+02 -1.106249999999999920e-04
1.327500000000009379e+02 1.187499999999999727e-05
1.328000000000009777e+02 3.200000000000000262e-04
1.328500000000010175e+02 -2.125000000000000153e-04
1.329000000000010004e+02 -2.443749999999999633e-04
1.329500000000009834e+02 -2.412499999999999823e-04
1.330000000000010232e+02 -7.712500000000000171e-04
1.330500000000010630e+02 -6.268750000000000450e-04
1.331000000000010459e+02 -7.537500000000000797e-04
1.331500000000010289e+02 -7.075000000000000126e-04
1.332000000000010687e+02 -8.518749999999999847e-04
1.332500000000011084e+02 -5.025000000000000170e-04
1.333000000000010914e+02 -5.124999999999999348e-04
1.333500000000010743e+02 -3.356250000000000401e-04
1.334000000000011141e+02 -1.368750000000000066e-04
1.334500000000011539e+02 -3.237499999999999818e-04
1.335000000000011369e+02 -6.193750000000000254e-04
1.335500000000011198e+02 -3.518749999999999743e-04
1.336000000000011596e+02 -9.124999999999999539e-05
1.336500000000011994e+02 -3.618750000000000005e-04
1.337000000000011823e+02 -1.925000000000000441e-04
1.337500000000011653e+02 -4.475000000000000353e-04
1.338000000000012051e+02 -5.306250000000000636e-04
1.338500000000012449e+02 -3.687499999999998830e-05
1.339000000000012278e+02 -7.250000000000000043e-05
1.339500000000012108e+02 -3.118750000000000320e-04
1.340000000000012506e+02 -2.956249999999999893e-04
1.340500000000012903e+02 -3.375000000000000179e-04
1.341000000000012733e+02 4.999999999999999562e-06
1.341500000000012562e+02 -7.693749999999999851e-04
1.342000000000012960e+02 -3.375000000000000179e-04
1.342500000000013358e+02 -5.287500000000000316e-04
1.343000000000013188e+02 -6.406250000000000269e-04
1.343500000000013017e+02 -4.262500000000000338e-04
1.344000000000013415e+02 -2.149999999999999947e-04
1.344500000000013813e+02 -4.131250000000000265e-04
1.345000000000013642e+02 -5.143749999999999668e-04
1.345500000000013472e+02 -2.199999999999999807e-04
1.346000000000013870e+02 -7.200000000000000453e-04
1.346500000000014268e+02 -6.118749999999998973e-04
1.347000000000014097e+02 -7.981250000000000063e-04
1.347500000000013927e+02 -7.862500000000000565e-04
1.348000000000014325e+02 2.499999999999979452e-06
1.348500000000014722e+02 -4.299999999999999894e-04
1.349000000000014552e+02 -1.900000000000000105e-04
1.349500000000014381e+02 -2.287500000000000037e-04
1.350000000000014779e+02 -5.562499999999998869e-04
1.350500000000015177e+02 -3.512500000000000539e-04
1.351000000000015007e+02 -3.687499999999998830e-05
1.351500000000014836e+02 1.062500000000000076e-05
1.352000000000015234e+02 -3.237499999999999818e-04
1.352500000000015632e+02 -2.374999999999999995e-04
1.353000000000015461e+02 -1.356250000000000034e-04
1.353500000000015291e+02 -6.581249999999999644e-04
1.354000000000015689e+02 -5.056249999999999981e-04
1.354500000000016087e+02 -5.206250000000000374e-04
1.355000000000015916e+02 -6.037500000000001199e-04
1.355500000000015746e+02 -7.706250000000000426e-04
1.356000000000016144e+02 -3.525000000000000572e-04
1.356500000000016541e+02 -1.537500000000000238e-04
1.357000000000016371e+02 -2.693750000000000289e-04
1.357500000000016200e+02 -2.906249999999999762e-04
1.358000000000016598e+02 -1.206249999999999911e-04
1.358500000000016996e+02 -4.918750000000000162e-04
1.359000000000016826e+02 -2.387500000000000299e-04
1.359500000000016655e+02 -5.249999999999999676e-04
1.360000000000017053e+02 -3.281249999999999662e-04
1.360500000000017451e+02 -5.181250000000000308e-04
1.361000000000017280e+02 -5.818750000000000354e-04
1.361500000000017110e+02 -6.675000000000001245e-04
1.362000000000017508e+02 -1.893749999999999817e-04
1.362500000000017906e+02 -5.168749999999999734e-04
1.363000000000017735e+02 -1.106249999999999920e-04
1.363500000000017565e+02 -3.312500000000000015e-04
1.364000000000017963e+02 -2.900000000000000017e-04
1.364500000000018360e+02 -3.012499999999999770e-04
1.365000000000018190e+02 -1.887499999999999801e-04
1.365500000000018019e+02 -2.662499999999999936e-04
1.366000000000018417e+02 -1.806249999999999588e-04
1.366500000000018815e+02 5.687499999999998655e-05
1.367000000000018645e+02 -5.137499999999999923e-04
1.367500000000018474e+02 -5.224999999999999610e-04
1.368000000000018872e+02 -4.712500000000000434e-04
1.368500000000019270e+02 4.499999999999998251e-05
1.369000000000019099e+02 -2.387500000000000028e-04
