%title sample_Co-HHTP_125K_02
%Created 3
%type 0
%Parameters Parameters
%param Position of delay line pump+THz,128.99991
%param accumulations,22
%param Lockin time constant,0.05
%param Reader function used,Read X
%param Lockin sensitivity,0.05
%param scannerversion,4.12
%param Delay line THz,scanning
%param Position of delay line pump,30.00009
%param Date and time,2025-11-13 21:31:01.290000
1.290000000000000000e+02 -2.529545454545454675e-04
1.290500000000000398e+02 -3.395454545454545687e-04
1.290999999999999375e+02 -5.497727272727273053e-04
1.291500000000000625e+02 -5.079545454545455942e-04
1.291999999999999886e+02 -3.356818181818181949e-04
1.292500000000000284e+02 -2.720454545454545001e-04
1.293000000000001535e+02 -1.534090909090908778e-04
1.293500000000000512e+02 -3.445454545454546360e-04
1.294000000000000909e+02 -3.422727272727271405e-04
1.294500000000001307e+02 -4.134090909090908550e-04
1.295000000000000284e+02 -3.179545454545454754e-04
1.295500000000001535e+02 -3.600000000000000769e-04
1.296000000000001933e+02 -2.113636363636362946e-04
1.296500000000001194e+02 -1.911363636363636498e-04
1.297000000000002444e+02 -2.488636363636364201e-04
1.297500000000001421e+02 -2.188636363636362872e-04
1.298000000000001819e+02 -2.609090909090908345e-04
1.298500000000002217e+02 -1.759090909090909097e-04
1.299000000000001194e+02 -1.531818181818181770e-04
1.299500000000002444e+02 3.522727272727273836e-05
1.300000000000001705e+02 5.136363636363634250e-05
1.300500000000002103e+02 -1.445454545454545180e-04
1.301000000000003354e+02 -9.045454545454546141e-05
1.301500000000002331e+02 -9.204545454545455649e-05
1.302000000000002728e+02 3.022727272727273202e-05
1.302500000000003126e+02 -6.159090909090908983e-05
1.303000000000002103e+02 3.924999999999999453e-04
1.303500000000003354e+02 3.309090909090909097e-04
1.304000000000003752e+02 -3.181818181818180423e-06
1.304500000000003013e+02 1.579545454545454352e-04
1.305000000000004263e+02 2.393181818181818496e-04
1.305500000000003240e+02 1.843181818181817866e-04
1.306000000000003638e+02 -4.409090909090907103e-05
1.306500000000004036e+02 -1.770454545454545761e-04
1.307000000000003013e+02 -2.722727272727273364e-04
1.307500000000004263e+02 -3.306818181818181818e-04
1.308000000000003524e+02 -5.056818181818182071e-04
1.308500000000003922e+02 -9.634090909090910508e-04
1.309000000000005173e+02 -1.064545454545454519e-03
1.309500000000004150e+02 -1.273636363636364158e-03
1.310000000000004547e+02 -1.920227272727272668e-03
1.310500000000004945e+02 -2.345000000000000296e-03
1.311000000000003922e+02 -2.944090909090908790e-03
1.311500000000005173e+02 -3.339772727272726383e-03
1.312000000000005571e+02 -4.215227272727273267e-03
1.312500000000004832e+02 -4.860227272727273007e-03
1.313000000000006082e+02 -5.526818181818181352e-03
1.313500000000005059e+02 -6.052954545454547128e-03
1.314000000000005457e+02 -6.447045454545454433e-03
1.314500000000005855e+02 -6.599318181818181889e-03
1.315000000000004832e+02 -6.473636363636362835e-03
1.315500000000006082e+02 -5.769545454545455150e-03
1.316000000000005343e+02 -4.069999999999998966e-03
1.316500000000005741e+02 -1.976363636363636777e-03
1.317000000000006992e+02 1.088863636363636292e-03
1.317500000000005969e+02 4.243636363636362624e-03
1.318000000000006366e+02 7.707727272727271477e-03
1.318500000000006764e+02 1.048704545454545549e-02
1.319000000000005741e+02 1.309863636363636265e-02
1.319500000000006992e+02 1.403136363636363175e-02
1.320000000000007390e+02 1.337931818181818493e-02
1.320500000000006651e+02 1.085977272727272833e-02
1.321000000000007901e+02 7.348863636363638617e-03
1.321500000000006878e+02 2.633863636363636442e-03
1.322000000000007276e+02 -1.942499999999999999e-03
1.322500000000007674e+02 -5.879999999999999810e-03
1.323000000000006651e+02 -7.815909090909092111e-03
1.323500000000007901e+02 -8.149318181818181184e-03
1.324000000000007162e+02 -6.618863636363634534e-03
1.324500000000007560e+02 -3.812727272727271886e-03
1.325000000000008811e+02 -8.659090909090909035e-04
1.325500000000007788e+02 1.570454545454545237e-03
1.326000000000008185e+02 2.273636363636363528e-03
1.326500000000008583e+02 1.623636363636363341e-03
1.327000000000007560e+02 -3.209090909090908834e-04
1.327500000000008811e+02 -2.338409090909090212e-03
1.328000000000009209e+02 -4.101818181818182169e-03
1.328500000000008470e+02 -4.657499999999999314e-03
1.329000000000009720e+02 -3.439090909090908570e-03
1.329500000000008697e+02 -1.292045454545454573e-03
1.330000000000009095e+02 1.047727272727272873e-03
1.330500000000009493e+02 2.442272727272726957e-03
1.331000000000008470e+02 2.425909090909090984e-03
1.331500000000009720e+02 1.372045454545454566e-03
1.332000000000008981e+02 -4.609090909090908170e-04
1.332500000000009379e+02 -2.072272727272727721e-03
1.333000000000010630e+02 -3.244999999999999621e-03
1.333500000000009607e+02 -2.684545454545454648e-03
1.334000000000010004e+02 -1.266818181818181671e-03
1.334500000000010402e+02 4.322727272727273223e-04
1.335000000000009379e+02 1.723863636363636440e-03
1.335500000000010630e+02 1.692499999999999560e-03
1.336000000000011028e+02 1.102954545454545203e-03
1.336500000000010289e+02 -1.163636363636363571e-04
1.337000000000011539e+02 -1.369999999999999907e-03
1.337500000000010516e+02 -1.329772727272727183e-03
1.338000000000010914e+02 -1.111590909090909079e-03
1.338500000000011312e+02 -3.015909090909091230e-04
1.339000000000010289e+02 2.504545454545454067e-04
1.339500000000011539e+02 5.818181818181815824e-05
1.340000000000010800e+02 -3.968181818181818290e-04
1.340500000000011198e+02 -6.929545454545454290e-04
1.341000000000012449e+02 -1.288181818181818525e-03
1.341500000000011426e+02 -1.440454545454545546e-03
1.342000000000011823e+02 -1.027727272727272821e-03
1.342500000000012221e+02 -4.747727272727272712e-04
1.343000000000011198e+02 -6.036363636363635933e-04
1.343500000000012449e+02 -1.538636363636363335e-04
1.344000000000012847e+02 -5.540909090909090264e-04
1.344500000000012108e+02 -8.081818181818182416e-04
1.345000000000013358e+02 -3.822727272727272996e-04
1.345500000000012335e+02 -4.909090909090910041e-04
1.346000000000012733e+02 1.590909090909095082e-06
1.346500000000013131e+02 1.877272727272727318e-04
1.347000000000012108e+02 3.979545454545453057e-04
1.347500000000013358e+02 7.250000000000000043e-05
1.348000000000012619e+02 -5.818181818181817857e-05
1.348500000000013017e+02 -2.756818181818180918e-04
1.349000000000014268e+02 -3.313636363636363112e-04
1.349500000000013245e+02 -5.204545454545454102e-04
1.350000000000013642e+02 -5.422727272727271772e-04
1.350500000000014040e+02 -6.024999999999999540e-04
1.351000000000013017e+02 -6.129545454545454360e-04
1.351500000000014268e+02 -8.659090909090906866e-04
1.352000000000014666e+02 -5.902272727272727575e-04
1.352500000000013927e+02 -7.270454545454545009e-04
1.353000000000015177e+02 -6.868181818181817765e-04
1.353500000000014154e+02 -2.272727272727272454e-04
1.354000000000014552e+02 -4.818181818181818893e-04
1.354500000000014950e+02 -1.377272727272727090e-04
1.355000000000013927e+02 -1.527272727272727213e-04
1.355500000000015177e+02 -1.254545454545454854e-04
1.356000000000014438e+02 -1.243181818181818461e-04
1.356500000000014836e+02 -1.179545454545454793e-04
1.357000000000016087e+02 -1.375000000000000083e-04
1.357500000000015064e+02 -1.931818181818182006e-04
1.358000000000015461e+02 -6.318181818181818491e-05
1.358500000000015859e+02 -2.481818181818181823e-04
1.359000000000014836e+02 -3.943181818181818224e-04
1.359500000000016087e+02 -4.788636363636363186e-04
1.360000000000016485e+02 -5.625000000000000659e-04
1.360500000000015746e+02 -3.500000000000001049e-04
1.361000000000016996e+02 -5.936363636363637840e-04
1.361500000000015973e+02 -3.706818181818182325e-04
1.362000000000016371e+02 -5.043181818181818399e-04
1.362500000000016769e+02 -5.618181818181819907e-04
1.363000000000015746e+02 -2.813636363636363969e-04
1.363500000000016996e+02 -3.945454545454545503e-04
1.364000000000016257e+02 -3.550000000000000638e-04
1.364500000000016655e+02 -5.209090909090908659e-04
1.365000000000017906e+02 -2.440909090909090806e-04
1.365500000000016882e+02 -1.261363636363636148e-04
1.366000000000017280e+02 -4.177272727272727387e-04
1.366500000000017678e+02 -4.604545454545455239e-04
1.367000000000016655e+02 -5.970454545454545936e-04
1.367500000000017906e+02 -2.772727272727272953e-04
1.368000000000018304e+02 -1.802272727272727121e-04
1.368500000000017565e+02 -2.654545454545454461e-04
1.369000000000018815e+02 -4.140909090909090386e-04
1.369500000000017792e+02 -4.354545454545453499e-04
1.370000000000018190e+02 -2.306818181818182177e-04
1.370500000000018588e+02 -3.690909090909091374e-04
1.371000000000017565e+02 -2.554545454545454198e-04
1.371500000000018815e+02 -2.720454545454545543e-04
1.372000000000018076e+02 -4.395454545454544515e-04
1.372500000000018474e+02 -2.913636363636363689e-04
1.373000000000019725e+02 -4.188636363636364323e-04
1.373500000000018701e+02 -7.220454545454547046e-04
1.374000000000019099e+02 -4.770454545454546041e-04
1.374500000000019497e+02 -4.638636363636363877e-04
1.375000000000018474e+02 -3.859090909090909455e-04
1.375500000000019725e+02 -3.713636363636363619e-04
1.376000000000020123e+02 -1.181818181818182207e-04
1.376500000000019384e+02 -5.538636363636364069e-04
1.377000000000020634e+02 -3.531818181818181324e-04
1.377500000000019611e+02 -3.356818181818182491e-04
1.378000000000020009e+02 -2.961363636363636542e-04
1.378500000000020407e+02 -3.697727272727272668e-04
1.379000000000019384e+02 -2.106818181818181923e-04
1.379500000000020634e+02 -2.168181818181818990e-04
1.380000000000019895e+02 -2.652272727272727182e-04
1.380500000000020293e+02 -3.249999999999999309e-04
1.381000000000021544e+02 -5.470454545454544624e-04
1.381500000000020520e+02 -2.429545454545455226e-04
1.382000000000020918e+02 -1.520454545454545377e-04
1.382500000000021316e+02 -5.184090909090909678e-04
1.383000000000020293e+02 -4.659090909090909385e-04
1.383500000000021544e+02 -3.999999999999999650e-04
1.384000000000021942e+02 -5.352272727272727217e-04
1.384500000000021203e+02 -4.847727272727272974e-04
1.385000000000022453e+02 -3.484090909090909556e-04
1.385500000000021430e+02 -3.502272727272728327e-04
1.386000000000021828e+02 -3.268181818181818080e-04
1.386500000000022226e+02 -7.977272727272725157e-05
1.387000000000021203e+02 -2.779545454545454247e-04
1.387500000000022453e+02 -4.274999999999999829e-04
1.388000000000021714e+02 -4.443181818181817910e-04
1.388500000000022112e+02 -4.170454545454545009e-04
1.389000000000023363e+02 -3.547727272727272275e-04
