%title sample_Co-HHTP_300K
%Created 3
%type 0
%Parameters Parameters
%param Position of delay line pump+THz,128.99991
%param accumulations,21
%param Lockin time constant,0.05
%param Reader function used,Read X
%param Lockin sensitivity,0.05
%param scannerversion,4.12
%param Delay line THz,scanning
%param Position of delay line pump,30.00009
%param Date and time,2025-11-13 20:18:54.815000
1.290000000000000000e+02 -2.961904761904762058e-04
1.290500000000000398e+02 -4.209523809523807968e-04
1.290999999999999659e+02 -2.926190476190475786e-04
1.291500000000000625e+02 -2.873809523809523706e-04
1.291999999999999886e+02 -4.571428571428571880e-04
1.292500000000000284e+02 -2.311904761904761980e-04
1.293000000000001251e+02 -3.588095238095238317e-04
1.293500000000000512e+02 -2.442857142857142992e-04
1.294000000000000909e+02 -4.119047619047615363e-05
1.294500000000001307e+02 -2.216666666666666427e-04
1.295000000000000568e+02 -3.850000000000000340e-04
1.295500000000001535e+02 -5.690476190476191978e-05
1.296000000000001933e+02 -7.499999999999997988e-05
1.296500000000001194e+02 -5.500000000000000873e-05
1.297000000000002160e+02 -2.976190476190475849e-05
1.297500000000001421e+02 -1.014285714285714313e-04
1.298000000000001819e+02 7.404761904761905146e-05
1.298500000000002217e+02 -3.095238095238094612e-05
1.299000000000001478e+02 -8.309523809523808151e-05
1.299500000000002444e+02 2.833333333333334553e-05
1.300000000000001705e+02 1.666666666666666611e-04
1.300500000000002103e+02 9.547619047619046266e-05
1.301000000000003070e+02 -3.619047619047617440e-05
1.301500000000002331e+02 1.595238095238095082e-05
1.302000000000002728e+02 5.357142857142857545e-05
1.302500000000003126e+02 -7.738095238095238902e-05
1.303000000000002387e+02 5.714285714285711462e-05
1.303500000000003354e+02 2.466666666666666270e-04
1.304000000000003752e+02 -4.571428571428572287e-05
1.304500000000003013e+02 -8.738095238095237459e-05
1.305000000000003979e+02 -1.202380952380952385e-04
1.305500000000003240e+02 -1.011904761904762229e-04
1.306000000000003638e+02 -4.626190476190475908e-04
1.306500000000004036e+02 -4.600000000000000139e-04
1.307000000000003297e+02 -6.571428571428570078e-04
1.307500000000004263e+02 -6.166666666666666217e-04
1.308000000000003524e+02 -7.185714285714284427e-04
1.308500000000003922e+02 -7.290476190476190754e-04
1.309000000000004889e+02 -1.025000000000000086e-03
1.309500000000004150e+02 -1.013809523809523598e-03
1.310000000000004547e+02 -1.664523809523809749e-03
1.310500000000004945e+02 -1.634047619047618955e-03
1.311000000000004206e+02 -2.106904761904762093e-03
1.311500000000005173e+02 -2.311190476190476233e-03
1.312000000000005571e+02 -2.989761904761904353e-03
1.312500000000004832e+02 -3.406428571428571535e-03
1.313000000000005798e+02 -4.424047619047619118e-03
1.313500000000005059e+02 -5.310714285714286664e-03
1.314000000000005457e+02 -6.370952380952379056e-03
1.314500000000005855e+02 -7.073095238095237700e-03
1.315000000000005116e+02 -7.661904761904763002e-03
1.315500000000006082e+02 -7.785000000000001120e-03
1.316000000000005343e+02 -7.277380952380953574e-03
1.316500000000005741e+02 -6.064999999999999211e-03
1.317000000000006708e+02 -4.090000000000000753e-03
1.317500000000005969e+02 -1.236904761904761762e-03
1.318000000000006366e+02 2.130476190476190447e-03
1.318500000000006764e+02 5.970714285714286661e-03
1.319000000000006025e+02 1.011547619047619383e-02
1.319500000000006992e+02 1.400476190476190354e-02
1.320000000000007390e+02 1.655738095238095189e-02
1.320500000000006651e+02 1.739238095238095430e-02
1.321000000000007617e+02 1.716595238095238243e-02
1.321500000000006878e+02 1.474380952380952362e-02
1.322000000000007276e+02 1.049547619047619049e-02
1.322500000000007674e+02 5.000714285714285418e-03
1.323000000000006935e+02 -5.714285714285714714e-04
1.323500000000007901e+02 -5.682380952380951776e-03
1.324000000000007162e+02 -9.590952380952380563e-03
1.324500000000007560e+02 -1.165976190476190368e-02
1.325000000000008527e+02 -1.149238095238095357e-02
1.325500000000007788e+02 -9.061666666666667522e-03
1.326000000000008185e+02 -6.440952380952377938e-03
1.326500000000008583e+02 -2.820238095238095273e-03
1.327000000000007844e+02 6.071428571428572833e-05
1.327500000000008811e+02 1.685238095238095115e-03
1.328000000000009209e+02 1.723809523809523942e-03
1.328500000000008470e+02 5.880952380952381050e-05
1.329000000000009436e+02 -1.781904761904762324e-03
1.329500000000008697e+02 -3.143571428571428298e-03
1.330000000000009095e+02 -3.511904761904761658e-03
1.330500000000009493e+02 -2.636666666666666499e-03
1.331000000000008754e+02 -7.445238095238095044e-04
1.331500000000009720e+02 9.799999999999997515e-04
1.332000000000008981e+02 2.387619047619047273e-03
1.332500000000009379e+02 2.461666666666667124e-03
1.333000000000010346e+02 1.383333333333333203e-03
1.333500000000009607e+02 -3.414285714285714103e-04
1.334000000000010004e+02 -2.150476190476190066e-03
1.334500000000010402e+02 -2.932619047619047618e-03
1.335000000000009663e+02 -2.700714285714285890e-03
1.335500000000010630e+02 -1.464761904761904690e-03
1.336000000000011028e+02 2.809523809523809649e-05
1.336500000000010289e+02 1.127142857142857156e-03
1.337000000000011255e+02 1.058095238095238186e-03
1.337500000000010516e+02 6.297619047619047771e-04
1.338000000000010914e+02 -3.604761904761904666e-04
1.338500000000011312e+02 -1.317380952380952253e-03
1.339000000000010573e+02 -1.325714285714285753e-03
1.339500000000011539e+02 -1.189285714285714338e-03
1.340000000000010800e+02 -5.935714285714285485e-04
1.340500000000011198e+02 3.976190476190476100e-05
1.341000000000012164e+02 1.516666666666666489e-04
1.341500000000011426e+02 -1.047619047619047689e-04
1.342000000000011823e+02 -7.302380952380953206e-04
1.342500000000012221e+02 -1.054285714285714201e-03
1.343000000000011482e+02 -1.129761904761904462e-03
1.343500000000012449e+02 -8.411904761904761716e-04
1.344000000000012847e+02 -7.809523809523808736e-04
1.344500000000012108e+02 -7.976190476190475750e-05
1.345000000000013074e+02 -1.330952380952381178e-04
1.345500000000012335e+02 8.119047619047619756e-05
1.346000000000012733e+02 -3.080952380952381160e-04
1.346500000000013131e+02 -1.892857142857142091e-04
1.347000000000012392e+02 1.330952380952380907e-04
1.347500000000013358e+02 2.207142857142857550e-04
1.348000000000012619e+02 5.183333333333333195e-04
1.348500000000013017e+02 3.561904761904762006e-04
1.349000000000013983e+02 4.142857142857144333e-05
1.349500000000013245e+02 1.092857142857142974e-04
1.350000000000013642e+02 -2.950000000000000148e-04
1.350500000000014040e+02 -5.488095238095237879e-04
1.351000000000013301e+02 -5.314285714285713665e-04
1.351500000000014268e+02 -7.123809523809524012e-04
1.352000000000014666e+02 -8.821428571428569475e-04
1.352500000000013927e+02 -7.723809523809524501e-04
1.353000000000014893e+02 -7.007142857142856316e-04
1.353500000000014154e+02 -1.022619047619047596e-03
1.354000000000014552e+02 -6.697619047619047736e-04
1.354500000000014950e+02 -3.792857142857142738e-04
1.355000000000014211e+02 -2.311904761904762251e-04
1.355500000000015177e+02 -1.049999999999999908e-04
1.356000000000014438e+02 -1.907142857142857034e-04
1.356500000000014836e+02 -2.642857142857145820e-05
1.357000000000015802e+02 -2.523809523809524347e-05
1.357500000000015064e+02 -6.238095238095236323e-05
1.358000000000015461e+02 -1.938095238095237512e-04
1.358500000000015859e+02 2.188095238095238439e-04
1.359000000000015120e+02 -2.361904761904761840e-04
1.359500000000016087e+02 -2.249999999999999125e-04
1.360000000000016485e+02 -5.221428571428570874e-04
1.360500000000015746e+02 -3.397619047619047212e-04
1.361000000000016712e+02 -6.590476190476190002e-04
1.361500000000015973e+02 -4.483333333333332444e-04
1.362000000000016371e+02 -6.540476190476190955e-04
1.362500000000016769e+02 -5.423809523809523889e-04
1.363000000000016030e+02 -8.659523809523809882e-04
1.363500000000016996e+02 -6.276190476190475357e-04
1.364000000000016257e+02 -3.457142857142856763e-04
1.364500000000016655e+02 -4.738095238095239164e-04
1.365000000000017621e+02 -1.899999999999999834e-04
1.365500000000016882e+02 -4.180952380952380793e-04
1.366000000000017280e+02 -3.430952380952380994e-04
1.366500000000017678e+02 -3.499999999999999964e-04
1.367000000000016939e+02 -3.902380952380952962e-04
1.367500000000017906e+02 -1.626190476190475900e-04
1.368000000000018304e+02 -2.316666666666666419e-04
1.368500000000017565e+02 -1.595238095238095963e-04
1.369000000000018531e+02 -2.061904761904762679e-04
1.369500000000017792e+02 -1.614285714285714260e-04
1.370000000000018190e+02 -2.954761904761904587e-04
1.370500000000018588e+02 -1.607142857142856789e-04
1.371000000000017849e+02 -4.676190476190475497e-04
1.371500000000018815e+02 -2.142857142857142747e-04
1.372000000000018076e+02 -2.116666666666666707e-04
1.372500000000018474e+02 -2.016666666666666716e-04
1.373000000000019440e+02 -2.878571428571428145e-04
1.373500000000018701e+02 -6.890476190476190789e-04
1.374000000000019099e+02 -4.407142857142856002e-04
1.374500000000019497e+02 -4.164285714285715528e-04
1.375000000000018758e+02 -3.371428571428571443e-04
1.375500000000019725e+02 -4.128571428571428713e-04
1.376000000000020123e+02 -5.123809523809523103e-04
1.376500000000019384e+02 -3.661904761904762268e-04
1.377000000000020350e+02 -5.309523809523808684e-04
1.377500000000019611e+02 -4.511904761904761245e-04
1.378000000000020009e+02 -5.778571428571428704e-04
1.378500000000020407e+02 -6.069047619047619529e-04
1.379000000000019668e+02 -5.249999999999999676e-04
1.379500000000020634e+02 -1.411904761904761788e-04
1.380000000000019895e+02 -1.383333333333333799e-04
1.380500000000020293e+02 -1.319047619047619539e-04
1.381000000000021259e+02 -1.778571428571428783e-04
1.381500000000020520e+02 -3.735714285714285677e-04
1.382000000000020918e+02 -3.104761904761904438e-04
1.382500000000021316e+02 -2.285714285714285127e-04
1.383000000000020577e+02 -4.297619047619047404e-04
1.383500000000021544e+02 -5.050000000000000235e-04
1.384000000000021942e+02 -6.830952380952379612e-04
1.384500000000021203e+02 -3.292857142857143053e-04
1.385000000000022169e+02 -6.933333333333333449e-04
1.385500000000021430e+02 -3.033333333333332977e-04
1.386000000000021828e+02 -2.869047619047619267e-04
1.386500000000022226e+02 -4.633333333333333921e-04
1.387000000000021487e+02 -1.795238095238094861e-04
1.387500000000022453e+02 -5.135714285714285555e-04
1.388000000000021714e+02 -5.761904761904761271e-04
1.388500000000022112e+02 -1.683333333333333231e-04
1.389000000000023078e+02 -4.185714285714285231e-04
