0.000000000000000000e+00 nan
4.882812499998502066e-03 nan
9.765624999997004133e-03 nan
1.464843749999550707e-02 nan
1.953124999999400827e-02 nan
2.441406249999250946e-02 nan
2.929687499999101413e-02 nan
3.417968749998951533e-02 nan
3.906249999998801653e-02 nan
4.394531249998651773e-02 nan
4.882812499998501893e-02 nan
5.371093749998352013e-02 nan
5.859374999998202826e-02 nan
6.347656249998051559e-02 nan
6.835937499997903066e-02 nan
7.324218749997751798e-02 nan
7.812499999997603306e-02 nan
8.300781249997453426e-02 nan
8.789062499997303546e-02 nan
9.277343749997152278e-02 nan
9.765624999997003786e-02 nan
1.025390624999685391e-01 nan
1.074218749999670403e-01 nan
1.123046874999655415e-01 nan
1.171874999999640565e-01 nan
1.220703124999625439e-01 nan
1.269531249999610312e-01 nan
1.318359374999595601e-01 nan
1.367187499999580613e-01 nan
1.416015624999565348e-01 nan
1.464843749999550360e-01 nan
1.513671874999535649e-01 nan
1.562499999999520661e-01 nan
1.611328124999505673e-01 nan
1.660156249999490685e-01 nan
1.708984374999475697e-01 nan
1.757812499999460709e-01 nan
1.806640624999445721e-01 nan
1.855468749999430456e-01 nan
1.904296874999415468e-01 nan
1.953124999999400757e-01 nan
2.001953124999385769e-01 nan
2.050781249999370781e-01 nan
2.099609374999355793e-01 nan
2.148437499999340805e-01 nan
2.197265624999325817e-01 nan
2.246093749999310829e-01 nan
2.294921874999295841e-01 nan
2.343749999999281131e-01 nan
2.392578124999265865e-01 nan
2.441406249999250877e-01 nan
2.490234374999235889e-01 nan
2.539062499999220623e-01 nan
2.587890624999206191e-01 nan
2.636718749999191203e-01 nan
2.685546874999176215e-01 nan
2.734374999999161227e-01 nan
2.783203124999146238e-01 nan
2.832031249999130695e-01 nan
2.880859374999116262e-01 nan
2.929687499999100719e-01 nan
2.978515624999086286e-01 nan
3.027343749999071298e-01 nan
3.076171874999056310e-01 nan
3.124999999999041322e-01 nan
3.173828124999025779e-01 nan
3.222656249999011346e-01 nan
3.271484374998995803e-01 nan
3.320312499998981370e-01 nan
3.369140624998965827e-01 nan
3.417968749998951394e-01 nan
3.466796874998936406e-01 nan
3.515624999998921418e-01 nan
3.564453124998906430e-01 nan
3.613281249998891442e-01 nan
3.662109374998876454e-01 nan
3.710937499998860911e-01 nan
3.759765624998846478e-01 nan
3.808593749998830935e-01 nan
3.857421874998816502e-01 nan
3.906249999998801514e-01 nan
3.955078124998786526e-01 nan
4.003906249998771538e-01 nan
4.052734374998756550e-01 nan
4.101562499998741562e-01 nan
4.150390624998726574e-01 nan
4.199218749998711586e-01 nan
4.248046874998696043e-01 nan
4.296874999998681610e-01 nan
4.345703124998666622e-01 nan
4.394531249998651634e-01 nan
4.443359374998636646e-01 nan
4.492187499998621658e-01 nan
4.541015624998606670e-01 nan
4.589843749998591682e-01 nan
4.638671874998576694e-01 nan
4.687499999998562261e-01 nan
4.736328124998546718e-01 nan
4.785156249998531730e-01 nan
4.833984374998516742e-01 nan
4.882812499998501754e-01 nan
4.931640624998486766e-01 nan
4.980468749998471778e-01 nan
5.029296874998456790e-01 nan
5.078124999998441247e-01 nan
5.126953124998426814e-01 nan
5.175781249998412381e-01 nan
5.224609374998396838e-01 nan
5.273437499998382405e-01 nan
5.322265624998366862e-01 nan
5.371093749998352429e-01 nan
5.419921874998336886e-01 nan
5.468749999998322453e-01 nan
5.517578124998306910e-01 nan
5.566406249998292477e-01 nan
5.615234374998278044e-01 nan
5.664062499998261391e-01 nan
5.712890624998246958e-01 nan
5.761718749998232525e-01 nan
5.810546874998216982e-01 nan
5.859374999998201439e-01 nan
5.908203124998187006e-01 nan
5.957031249998172573e-01 nan
6.005859374998157030e-01 nan
6.054687499998142597e-01 nan
6.103515624998127054e-01 nan
6.152343749998112621e-01 nan
6.201171874998097078e-01 nan
6.249999999998082645e-01 nan
6.298828124998067102e-01 nan
6.347656249998051559e-01 nan
6.396484374998037126e-01 nan
6.445312499998022693e-01 nan
6.494140624998008260e-01 nan
6.542968749997991607e-01 nan
6.591796874997977174e-01 nan
6.640624999997962741e-01 nan
6.689453124997948308e-01 nan
6.738281249997931655e-01 nan
6.787109374997917222e-01 nan
6.835937499997902789e-01 nan
6.884765624997887246e-01 nan
6.933593749997872813e-01 nan
6.982421874997857270e-01 nan
7.031249999997842837e-01 nan
7.080078124997827294e-01 nan
7.128906249997812861e-01 nan
7.177734374997797318e-01 nan
7.226562499997782885e-01 nan
7.275390624997767341e-01 nan
7.324218749997752909e-01 nan
7.373046874997738476e-01 nan
7.421874999997721822e-01 nan
7.470703124997707389e-01 nan
7.519531249997692957e-01 nan
7.568359374997678524e-01 nan
7.617187499997661870e-01 nan
7.666015624997647437e-01 nan
7.714843749997633005e-01 nan
7.763671874997618572e-01 nan
7.812499999997603028e-01 nan
7.861328124997587485e-01 nan
7.910156249997573052e-01 nan
7.958984374997557509e-01 nan
8.007812499997543076e-01 -1.616183418114086408e+02
8.056640624997527533e-01 -1.628486320719727303e+02
8.105468749997513100e-01 -1.640952105790871371e+02
8.154296874997497557e-01 -1.653584828286361983e+02
8.203124999997483124e-01 -1.666388108003941966e+02
8.251953124997468692e-01 -1.679364926210240583e+02
8.300781249997453148e-01 -1.692517404284009217e+02
8.349609374997437605e-01 -1.705846568336933160e+02
8.398437499997423172e-01 -1.719352105317830990e+02
8.447265624997408739e-01 -1.733032117806642702e+02
8.496093749997392086e-01 -1.746882886461571331e+02
8.544921874997377653e-01 -1.760898650747071770e+02
8.593749999997363220e-01 -1.775071419947180402e+02
8.642578124997348787e-01 -1.789390827327107445e+02
8.691406249997333244e-01 -1.803844040395837283e+02
8.740234374997317701e-01 -1.818415739305532099e+02
8.789062499997303268e-01 -1.833088173317995029e+02
8.837890624997288835e-01 -1.847841301911223866e+02
8.886718749997273292e-01 -1.862653022615832867e+02
8.935546874997257749e-01 -1.877499482430601461e+02
8.984374999997243316e-01 -1.892355464268728440e+02
9.033203124997227773e-01 -1.907194835037145424e+02
9.082031249997213340e-01 -1.921991038227293700e+02
9.130859374997198907e-01 -1.936717611524193217e+02
9.179687499997183364e-01 -1.951348708775209957e+02
9.228515624997167821e-01 -1.965859605420347975e+02
9.277343749997153388e-01 -1.980227167077334229e+02
9.326171874997138955e-01 -1.994430262588998914e+02
9.374999999997124522e-01 -2.008450105738977811e+02
9.423828124997107869e-01 -2.022270514039019531e+02
9.472656249997093436e-01 -2.035878078113563276e+02
9.521484374997079003e-01 -2.049262240609947696e+02
9.570312499997063460e-01 -2.062415288567769380e+02
9.619140624997047917e-01 -2.075332267272042372e+02
9.667968749997033484e-01 -2.088010826517607939e+02
9.716796874997019051e-01 -2.100451011879347050e+02
9.765624999997003508e-01 -2.112655014133364375e+02
9.814453124996989075e-01 -2.124626889625734236e+02
9.863281249996973532e-01 -2.136372263394219431e+02
9.912109374996957989e-01 -2.147898025466809599e+02
9.960937499996943556e-01 -2.159212029208772492e+02
1.000976562499692912e+00 -2.170322799038452217e+02
1.005859374999691358e+00 -2.181239253398293556e+02
1.010742187499689804e+00 -2.191970447618432445e+02
1.015624999999688249e+00 -2.202525340267864067e+02
1.020507812499686917e+00 -2.212912585743040950e+02
1.025390624999685363e+00 -2.223140355163064612e+02
1.030273437499683808e+00 -2.233216187080399209e+02
1.035156249999682476e+00 -2.243146869028249171e+02
1.040039062499680922e+00 -2.252938350465218207e+02
1.044921874999679368e+00 -2.262595687206641344e+02
1.049804687499677813e+00 -2.272123016922022316e+02
1.054687499999676481e+00 -2.281523564713205303e+02
1.059570312499674927e+00 -2.290799677164514208e+02
1.064453124999673372e+00 -2.299952882583936571e+02
1.069335937499671818e+00 -2.308983974454777695e+02
1.074218749999670486e+00 -2.317893114422970200e+02
1.079101562499668931e+00 -2.326679950497120899e+02
1.083984374999667377e+00 -2.335343745581975270e+02
1.088867187499665823e+00 -2.343883511047560546e+02
1.093749999999664491e+00 -2.352298139798004399e+02
1.098632812499662936e+00 -2.360586533280731771e+02
1.103515624999661382e+00 -2.368747717091476659e+02
1.108398437499659828e+00 -2.376780940293234892e+02
1.113281249999658495e+00 -2.384685754272918530e+02
1.118164062499656941e+00 -2.392462067888191370e+02
1.123046874999655609e+00 -2.400110176774644515e+02
1.127929687499653832e+00 -2.407630765944070390e+02
1.132812499999652278e+00 -2.415024886151343821e+02
1.137695312499650946e+00 -2.422293905877227189e+02
1.142578124999649392e+00 -2.429439442099601649e+02
1.147460937499648059e+00 -2.436463274238371071e+02
1.152343749999646505e+00 -2.443367246694178903e+02
1.157226562499644951e+00 -2.450153166198963675e+02
1.162109374999643396e+00 -2.456822700706664762e+02
1.166992187499641842e+00 -2.463377286736161977e+02
1.171874999999640288e+00 -2.469818051910299346e+02
1.176757812499638955e+00 -2.476145758905013849e+02
1.181640624999637401e+00 -2.482360776138416441e+02
1.186523437499636069e+00 -2.488463079316531719e+02
1.191406249999634515e+00 -2.494452286455162948e+02
1.196289062499632960e+00 -2.500327727279775445e+02
1.201171874999631406e+00 -2.506088546050914374e+02
1.206054687499629852e+00 -2.511733834973231581e+02
1.210937499999628519e+00 -2.517262793538540109e+02
1.215820312499626965e+00 -2.522674907553522132e+02
1.220703124999625411e+00 -2.527970140335040981e+02
1.225585937499624078e+00 -2.533149127725729954e+02
1.230468749999622524e+00 -2.538213368258130060e+02
1.235351562499620748e+00 -2.543165399990166975e+02
1.240234374999619416e+00 -2.548008956200966395e+02
1.245117187499617861e+00 -2.552749093176915380e+02
1.249999999999616529e+00 -2.557392284612636217e+02
1.254882812499614975e+00 -2.561946478588092759e+02
1.259765624999613420e+00 -2.566421114580139715e+02
1.264648437499612088e+00 -2.570827099477141928e+02
1.269531249999610312e+00 -2.575176743061518891e+02
1.274414062499608979e+00 -2.579483654878645780e+02
1.279296874999607425e+00 -2.583762605778507577e+02
1.284179687499605871e+00 -2.588029358640494024e+02
1.289062499999604539e+00 -2.592300473808492711e+02
1.293945312499602984e+00 -2.596593095518348946e+02
1.298828124999601652e+00 -2.600924726057595535e+02
1.303710937499599876e+00 -2.605312994547441576e+02
1.308593749999598321e+00 -2.609775427091058191e+02
1.313476562499596989e+00 -2.614329224620480545e+02
1.318359374999595435e+00 -2.618991054138990080e+02
1.323242187499594102e+00 -2.623776858245384460e+02
1.328124999999592548e+00 -2.628701686891119493e+02
1.333007812499590994e+00 -2.633779554310934259e+02
1.337890624999589662e+00 -2.639023323028189338e+02
1.342773437499587885e+00 -2.644444615810782580e+02
1.347656249999586331e+00 -2.650053755480226414e+02
1.352539062499584999e+00 -2.655859731588656700e+02
1.357421874999583444e+00 -2.661870192204631849e+02
1.362304687499582112e+00 -2.668091458410678456e+02
1.367187499999580558e+00 -2.674528558629787653e+02
1.372070312499579003e+00 -2.681185279572546278e+02
1.376953124999577449e+00 -2.688064230432033810e+02
1.381835937499575895e+00 -2.695166916942134208e+02
1.386718749999574563e+00 -2.702493822041205362e+02
1.391601562499573008e+00 -2.710044490125096672e+02
1.396484374999571454e+00 -2.717817612204485727e+02
1.401367187499570122e+00 -2.725811109671743111e+02
1.406249999999568567e+00 -2.734022214802480448e+02
1.411132812499566791e+00 -2.742447546538530787e+02
1.416015624999565459e+00 -2.751083180499099399e+02
1.420898437499563904e+00 -2.759924712526858457e+02
1.425781249999562572e+00 -2.768967315384411449e+02
1.430664062499561018e+00 -2.778205788468576998e+02
1.435546874999559464e+00 -2.787634600606078266e+02
1.440429687499558131e+00 -2.797247926139909850e+02
1.445312499999556577e+00 -2.807039674619636003e+02
1.450195312499555023e+00 -2.817003514481666571e+02
1.455078124999553468e+00 -2.827132891157950780e+02
1.459960937499551914e+00 -2.837421040093346392e+02
1.464843749999550582e+00 -2.847860995191689994e+02
1.469726562499549027e+00 -2.858445593254064079e+02
1.474609374999547695e+00 -2.869167475023415932e+02
1.479492187499546141e+00 -2.880019083508501012e+02
1.484374999999544364e+00 -2.890992660324648682e+02
1.489257812499543032e+00 -2.902080240854951398e+02
1.494140624999541478e+00 -2.913273649096371969e+02
1.499023437499540146e+00 -2.924564493102892015e+02
1.503906249999538591e+00 -2.935944161964062005e+02
1.508789062499537037e+00 -2.947403825254041294e+02
1.513671874999535705e+00 -2.958934435847839381e+02
1.518554687499533928e+00 -2.970526736924106785e+02
1.523437499999532374e+00 -2.982171273857607048e+02
1.528320312499531042e+00 -2.993858411552882330e+02
1.533203124999529487e+00 -3.005578357590491692e+02
1.538085937499528155e+00 -3.017321191359275190e+02
1.542968749999526601e+00 -3.029076899144837398e+02
1.547851562499525047e+00 -3.040835414950167319e+02
1.552734374999523714e+00 -3.052586666651734504e+02
1.557617187499521938e+00 -3.064320626953543183e+02
1.562499999999520606e+00 -3.076027368496701797e+02
1.567382812499519051e+00 -3.087697122409879285e+02
1.572265624999517497e+00 -3.099320339536076858e+02
1.577148437499516165e+00 -3.110887753527468362e+02
1.582031249999514610e+00 -3.122390444945027639e+02
1.586914062499513278e+00 -3.133819905418825442e+02
1.591796874999511502e+00 -3.145168100810749365e+02
1.596679687499509948e+00 -3.156427532175857209e+02
1.601562499999508615e+00 -3.167591293151374998e+02
1.606445312499507061e+00 -3.178653122229410428e+02
1.611328124999505507e+00 -3.189607448209029030e+02
1.616210937499504174e+00 -3.200449426994190958e+02
1.621093749999502620e+00 -3.211174967823386623e+02
1.625976562499501066e+00 -3.221780747001009786e+02
1.630859374999499511e+00 -3.232264207264468610e+02
1.635742187499497957e+00 -3.242623541078968969e+02
1.640624999999496625e+00 -3.252857656416352370e+02
1.645507812499495071e+00 -3.262966123955259832e+02
1.650390624999493738e+00 -3.272949105143909492e+02
1.655273437499492184e+00 -3.282807261194582225e+02
1.660156249999490630e+00 -3.292541643826269819e+02
1.665039062499489075e+00 -3.302153569426295121e+02
1.669921874999487521e+00 -3.311644479243209389e+02
1.674804687499486189e+00 -3.321015789222141734e+02
1.679687499999484634e+00 -3.330268734108004764e+02
1.684570312499483080e+00 -3.339404211416003250e+02
1.689453124999481748e+00 -3.348422631731301067e+02
1.694335937499480194e+00 -3.357323782465123259e+02
1.699218749999478417e+00 -3.366106712570806963e+02
1.704101562499477085e+00 -3.374769645721144684e+02
1.708984374999475531e+00 -3.383309928997702514e+02
1.713867187499474198e+00 -3.391724023204362766e+02
1.718749999999472644e+00 -3.400007539493965965e+02
1.723632812499471090e+00 -3.408155325133852784e+02
1.728515624999469757e+00 -3.416161599018868742e+02
1.733398437499467981e+00 -3.424020135086167329e+02
1.738281249999466649e+00 -3.431724489235012356e+02
1.743164062499465095e+00 -3.439268262860097138e+02
1.748046874999463540e+00 -3.446645393825257884e+02
1.752929687499462208e+00 -3.453850463786646401e+02
1.757812499999460654e+00 -3.460879009351092463e+02
1.762695312499459321e+00 -3.467727823729961756e+02
1.767578124999457767e+00 -3.474395235384070020e+02
1.772460937499455991e+00 -3.480881350670217103e+02
1.777343749999454658e+00 -3.487188248667576431e+02
1.782226562499453104e+00 -3.493320118113095418e+02
1.787109374999451550e+00 -3.499283328606231294e+02
1.791992187499450218e+00 -3.505086430828788480e+02
1.796874999999448663e+00 -3.510740083328328751e+02
1.801757812499447331e+00 -3.516256906298021363e+02
1.806640624999445555e+00 -3.521651265625949350e+02
1.811523437499444000e+00 -3.526938993174335906e+02
1.816406249999442668e+00 -3.532137051695664809e+02
1.821289062499441114e+00 -3.537263154931156919e+02
1.826171874999439781e+00 -3.542335355219294684e+02
1.831054687499438227e+00 -3.547371612334309248e+02
1.835937499999436673e+00 -3.552389358251400040e+02
1.840820312499435119e+00 -3.557405073075478299e+02
1.845703124999433564e+00 -3.562433887449588497e+02
1.850585937499432232e+00 -3.567489226351058278e+02
1.855468749999430678e+00 -3.572582508259908991e+02
1.860351562499429123e+00 -3.577722912219684872e+02
1.865234374999427791e+00 -3.582917223293974303e+02
1.870117187499426237e+00 -3.588169764362078240e+02
1.874999999999424904e+00 -3.593482419137314992e+02
1.879882812499423128e+00 -3.598854747813969652e+02
1.884765624999421574e+00 -3.604284192979959585e+02
1.889648437499420242e+00 -3.609766369538880326e+02
1.894531249999418687e+00 -3.615295428566902274e+02
1.899414062499417133e+00 -3.620864481503595584e+02
1.904296874999415801e+00 -3.626466068057970915e+02
1.909179687499414246e+00 -3.632092648895708180e+02
1.914062499999412692e+00 -3.637737102715292963e+02
1.918945312499411138e+00 -3.643393206817329428e+02
1.923828124999409583e+00 -3.649056080756739675e+02
1.928710937499408251e+00 -3.654722574110375035e+02
1.933593749999406697e+00 -3.660391581702423309e+02
1.938476562499405365e+00 -3.666064272669751176e+02
1.943359374999403810e+00 -3.671744223352115455e+02
1.948242187499402034e+00 -3.677437447977723082e+02
1.953124999999400702e+00 -3.683152325306715511e+02
1.958007812499399147e+00 -3.688899423632288403e+02
1.962890624999397815e+00 -3.694691230682358878e+02
1.967773437499396261e+00 -3.700541798898214552e+02
1.972656249999394706e+00 -3.706466320191523778e+02
1.977539062499393374e+00 -3.712480647508689913e+02
1.982421874999391598e+00 -3.718600783268641976e+02
1.987304687499390043e+00 -3.724842356881886190e+02
1.992187499999388711e+00 -3.731220114977591038e+02
1.997070312499387157e+00 -3.737747448515524411e+02
2.001953124999385825e+00 nan
2.006835937499384492e+00 nan
2.011718749999382716e+00 nan
2.016601562499381384e+00 nan
2.021484374999379607e+00 nan
2.026367187499378275e+00 nan
2.031249999999376499e+00 nan
2.036132812499375166e+00 nan
2.041015624999373834e+00 nan
2.045898437499372502e+00 nan
2.050781249999370726e+00 nan
2.055664062499368949e+00 nan
2.060546874999367617e+00 nan
2.065429687499366285e+00 nan
2.070312499999364952e+00 nan
2.075195312499363176e+00 nan
2.080078124999361844e+00 nan
2.084960937499360512e+00 nan
2.089843749999358735e+00 nan
2.094726562499356959e+00 nan
2.099609374999355627e+00 nan
2.104492187499354294e+00 nan
2.109374999999352962e+00 nan
2.114257812499351186e+00 nan
2.119140624999349853e+00 nan
2.124023437499348521e+00 nan
2.128906249999346745e+00 nan
2.133789062499345413e+00 nan
2.138671874999343636e+00 nan
2.143554687499342304e+00 nan
2.148437499999340972e+00 nan
2.153320312499339195e+00 nan
2.158203124999337863e+00 nan
2.163085937499336087e+00 nan
2.167968749999334754e+00 nan
2.172851562499333422e+00 nan
2.177734374999331646e+00 nan
2.182617187499330313e+00 nan
2.187499999999328981e+00 nan
2.192382812499327205e+00 nan
2.197265624999325873e+00 nan
2.202148437499324096e+00 nan
2.207031249999322764e+00 nan
2.211914062499321432e+00 nan
2.216796874999319655e+00 nan
2.221679687499318323e+00 nan
2.226562499999316991e+00 nan
2.231445312499315214e+00 nan
2.236328124999313882e+00 nan
2.241210937499312550e+00 nan
2.246093749999311218e+00 nan
2.250976562499308997e+00 nan
2.255859374999307665e+00 nan
2.260742187499306333e+00 nan
2.265624999999304556e+00 nan
2.270507812499303224e+00 nan
2.275390624999301892e+00 nan
2.280273437499300115e+00 nan
2.285156249999298783e+00 nan
2.290039062499297451e+00 nan
2.294921874999296119e+00 nan
2.299804687499294342e+00 nan
2.304687499999293010e+00 nan
2.309570312499291678e+00 nan
2.314453124999289901e+00 nan
2.319335937499288569e+00 nan
2.324218749999286793e+00 nan
2.329101562499285016e+00 nan
2.333984374999283684e+00 nan
2.338867187499282352e+00 nan
2.343749999999280575e+00 nan
2.348632812499279243e+00 nan
2.353515624999277911e+00 nan
2.358398437499276579e+00 nan
2.363281249999274802e+00 nan
2.368164062499273470e+00 nan
2.373046874999272138e+00 nan
2.377929687499270361e+00 nan
2.382812499999269029e+00 nan
2.387695312499267697e+00 nan
2.392578124999265921e+00 nan
2.397460937499264144e+00 nan
2.402343749999262812e+00 nan
2.407226562499261036e+00 nan
2.412109374999259703e+00 nan
2.416992187499258371e+00 nan
2.421874999999257039e+00 nan
2.426757812499255262e+00 nan
2.431640624999253930e+00 nan
2.436523437499252598e+00 nan
2.441406249999250822e+00 nan
2.446289062499249489e+00 nan
2.451171874999248157e+00 nan
2.456054687499246381e+00 nan
2.460937499999245048e+00 nan
2.465820312499243272e+00 nan
2.470703124999241496e+00 nan
2.475585937499240163e+00 nan
2.480468749999238831e+00 nan
2.485351562499237499e+00 nan
2.490234374999235722e+00 nan
2.495117187499234390e+00 nan
2.499999999999233058e+00 nan
2.504882812499231282e+00 nan
2.509765624999229949e+00 nan
2.514648437499228617e+00 nan
2.519531249999226841e+00 nan
2.524414062499225508e+00 nan
2.529296874999224176e+00 nan
2.534179687499222844e+00 nan
2.539062499999220623e+00 nan
2.543945312499219291e+00 nan
2.548828124999217959e+00 nan
2.553710937499216183e+00 nan
2.558593749999214850e+00 nan
2.563476562499213518e+00 nan
2.568359374999211742e+00 nan
2.573242187499210409e+00 nan
2.578124999999209077e+00 nan
2.583007812499207301e+00 nan
2.587890624999205968e+00 nan
2.592773437499204636e+00 nan
2.597656249999203304e+00 nan
2.602539062499201528e+00 nan
2.607421874999199751e+00 nan
2.612304687499198419e+00 nan
2.617187499999196643e+00 nan
2.622070312499195310e+00 nan
2.626953124999193978e+00 nan
2.631835937499192202e+00 nan
2.636718749999190869e+00 nan
2.641601562499189537e+00 nan
2.646484374999188205e+00 nan
2.651367187499186429e+00 nan
2.656249999999185096e+00 nan
2.661132812499183764e+00 nan
2.666015624999181988e+00 nan
2.670898437499180655e+00 nan
2.675781249999179323e+00 nan
2.680664062499177103e+00 nan
2.685546874999175770e+00 nan
2.690429687499174438e+00 nan
2.695312499999172662e+00 nan
2.700195312499171330e+00 nan
2.705078124999169997e+00 nan
2.709960937499168665e+00 nan
2.714843749999166889e+00 nan
2.719726562499165556e+00 nan
2.724609374999164224e+00 nan
2.729492187499162448e+00 nan
2.734374999999161115e+00 nan
2.739257812499159783e+00 nan
2.744140624999158007e+00 nan
2.749023437499156675e+00 nan
2.753906249999154898e+00 nan
2.758789062499153122e+00 nan
2.763671874999151790e+00 nan
2.768554687499150457e+00 nan
2.773437499999149125e+00 nan
2.778320312499147349e+00 nan
2.783203124999146016e+00 nan
2.788085937499144684e+00 nan
2.792968749999142908e+00 nan
2.797851562499141576e+00 nan
2.802734374999140243e+00 nan
2.807617187499138467e+00 nan
2.812499999999137135e+00 nan
2.817382812499135802e+00 nan
2.822265624999133582e+00 nan
2.827148437499132250e+00 nan
2.832031249999130917e+00 nan
2.836914062499129585e+00 nan
2.841796874999127809e+00 nan
2.846679687499126477e+00 nan
2.851562499999125144e+00 nan
2.856445312499123368e+00 nan
2.861328124999122036e+00 nan
2.866210937499120703e+00 nan
2.871093749999118927e+00 nan
2.875976562499117595e+00 nan
2.880859374999116262e+00 nan
2.885742187499114930e+00 nan
2.890624999999113154e+00 nan
2.895507812499111377e+00 nan
2.900390624999110045e+00 nan
2.905273437499108269e+00 nan
2.910156249999106937e+00 nan
2.915039062499105604e+00 nan
2.919921874999103828e+00 nan
2.924804687499102496e+00 nan
2.929687499999101163e+00 nan
2.934570312499099831e+00 nan
2.939453124999098055e+00 nan
2.944335937499096723e+00 nan
2.949218749999095390e+00 nan
2.954101562499093614e+00 nan
2.958984374999092282e+00 nan
2.963867187499090949e+00 nan
2.968749999999088729e+00 nan
2.973632812499087397e+00 nan
2.978515624999086064e+00 nan
2.983398437499084288e+00 nan
2.988281249999082956e+00 nan
2.993164062499081624e+00 nan
2.998046874999080291e+00 nan
3.002929687499078515e+00 nan
3.007812499999077183e+00 nan
3.012695312499075850e+00 nan
3.017578124999074074e+00 nan
3.022460937499072742e+00 nan
3.027343749999071409e+00 nan
3.032226562499069633e+00 nan
3.037109374999067857e+00 nan
3.041992187499066524e+00 nan
3.046874999999064748e+00 nan
3.051757812499063416e+00 nan
3.056640624999062084e+00 nan
3.061523437499060751e+00 nan
3.066406249999058975e+00 nan
3.071289062499057643e+00 nan
3.076171874999056310e+00 nan
3.081054687499054534e+00 nan
3.085937499999053202e+00 nan
3.090820312499051870e+00 nan
3.095703124999050093e+00 nan
3.100585937499048761e+00 nan
3.105468749999047429e+00 nan
3.110351562499045208e+00 nan
3.115234374999043876e+00 nan
3.120117187499042544e+00 nan
3.124999999999041211e+00 nan
3.129882812499039435e+00 nan
3.134765624999038103e+00 nan
3.139648437499036771e+00 nan
3.144531249999034994e+00 nan
3.149414062499033662e+00 nan
3.154296874999032330e+00 nan
3.159179687499030553e+00 nan
3.164062499999029221e+00 nan
3.168945312499027889e+00 nan
3.173828124999026556e+00 nan
3.178710937499024336e+00 nan
3.183593749999023004e+00 nan
3.188476562499021671e+00 nan
3.193359374999019895e+00 nan
3.198242187499018563e+00 nan
3.203124999999017231e+00 nan
3.208007812499015454e+00 nan
3.212890624999014122e+00 nan
3.217773437499012790e+00 nan
3.222656249999011013e+00 nan
3.227539062499009681e+00 nan
3.232421874999008349e+00 nan
3.237304687499007017e+00 nan
3.242187499999005240e+00 nan
3.247070312499003908e+00 nan
3.251953124999002132e+00 nan
3.256835937499000355e+00 nan
3.261718749998999023e+00 nan
3.266601562498997691e+00 nan
3.271484374998995914e+00 nan
3.276367187498994582e+00 nan
3.281249999998993250e+00 nan
3.286132812498991917e+00 nan
3.291015624998990141e+00 nan
3.295898437498988809e+00 nan
3.300781249998987477e+00 nan
3.305664062498985700e+00 nan
3.310546874998984368e+00 nan
3.315429687498983036e+00 nan
3.320312499998981259e+00 nan
3.325195312498979483e+00 nan
3.330078124998978151e+00 nan
3.334960937498976374e+00 nan
3.339843749998975042e+00 nan
3.344726562498973710e+00 nan
3.349609374998972378e+00 nan
3.354492187498970601e+00 nan
3.359374999998969269e+00 nan
3.364257812498967937e+00 nan
3.369140624998966160e+00 nan
3.374023437498964828e+00 nan
3.378906249998963496e+00 nan
3.383789062498961719e+00 nan
3.388671874998960387e+00 nan
3.393554687498958611e+00 nan
3.398437499998956834e+00 nan
3.403320312498955502e+00 nan
3.408203124998954170e+00 nan
3.413085937498952838e+00 nan
3.417968749998951061e+00 nan
3.422851562498949729e+00 nan
3.427734374998948397e+00 nan
3.432617187498946620e+00 nan
3.437499999998945288e+00 nan
3.442382812498943956e+00 nan
3.447265624998942180e+00 nan
3.452148437498940847e+00 nan
3.457031249998939515e+00 nan
3.461914062498938183e+00 nan
3.466796874998935962e+00 nan
3.471679687498934630e+00 nan
3.476562499998933298e+00 nan
3.481445312498931521e+00 nan
3.486328124998930189e+00 nan
3.491210937498928857e+00 nan
3.496093749998927080e+00 nan
3.500976562498925748e+00 nan
3.505859374998924416e+00 nan
3.510742187498922640e+00 nan
3.515624999998921307e+00 nan
3.520507812498919975e+00 nan
3.525390624998918643e+00 nan
3.530273437498916866e+00 nan
3.535156249998915534e+00 nan
3.540039062498913758e+00 nan
3.544921874998911981e+00 nan
3.549804687498910649e+00 nan
3.554687499998909317e+00 nan
3.559570312498907541e+00 nan
3.564453124998906208e+00 nan
3.569335937498904876e+00 nan
3.574218749998903100e+00 nan
3.579101562498901767e+00 nan
3.583984374998900435e+00 nan
3.588867187498899103e+00 nan
3.593749999998897326e+00 nan
3.598632812498895994e+00 nan
3.603515624998894662e+00 nan
3.608398437498892442e+00 nan
3.613281249998891109e+00 nan
3.618164062498889777e+00 nan
3.623046874998888001e+00 nan
3.627929687498886668e+00 nan
3.632812499998885336e+00 nan
3.637695312498884004e+00 nan
3.642578124998882227e+00 nan
3.647460937498880895e+00 nan
3.652343749998879563e+00 nan
3.657226562498877787e+00 nan
3.662109374998876454e+00 nan
3.666992187498875122e+00 nan
3.671874999998873346e+00 nan
3.676757812498872013e+00 nan
3.681640624998870237e+00 nan
3.686523437498868461e+00 nan
3.691406249998867128e+00 nan
3.696289062498865796e+00 nan
3.701171874998864464e+00 nan
3.706054687498862688e+00 nan
3.710937499998861355e+00 nan
3.715820312498860023e+00 nan
3.720703124998858247e+00 nan
3.725585937498856914e+00 nan
3.730468749998855582e+00 nan
3.735351562498853806e+00 nan
3.740234374998852473e+00 nan
3.745117187498851141e+00 nan
3.749999999998849809e+00 nan
3.754882812498847589e+00 nan
3.759765624998846256e+00 nan
3.764648437498844924e+00 nan
3.769531249998843148e+00 nan
3.774414062498841815e+00 nan
3.779296874998840483e+00 nan
3.784179687498838707e+00 nan
3.789062499998837374e+00 nan
3.793945312498836042e+00 nan
3.798828124998834266e+00 nan
3.803710937498832934e+00 nan
3.808593749998831601e+00 nan
3.813476562498830269e+00 nan
3.818359374998828493e+00 nan
3.823242187498826716e+00 nan
3.828124999998825384e+00 nan
3.833007812498823608e+00 nan
3.837890624998822275e+00 nan
3.842773437498820943e+00 nan
3.847656249998819167e+00 nan
3.852539062498817835e+00 nan
3.857421874998816502e+00 nan
3.862304687498814726e+00 nan
3.867187499998813394e+00 nan
3.872070312498812061e+00 nan
3.876953124998810729e+00 nan
3.881835937498808953e+00 nan
3.886718749998807620e+00 nan
3.891601562498806288e+00 nan
3.896484374998804068e+00 nan
3.901367187498802735e+00 nan
3.906249999998801403e+00 nan
3.911132812498799627e+00 nan
3.916015624998798295e+00 nan
3.920898437498796962e+00 nan
3.925781249998795630e+00 nan
3.930664062498793854e+00 nan
3.935546874998792521e+00 nan
3.940429687498791189e+00 nan
3.945312499998789413e+00 nan
3.950195312498788081e+00 nan
3.955078124998786748e+00 nan
3.959960937498784972e+00 nan
3.964843749998783196e+00 nan
3.969726562498781863e+00 nan
3.974609374998780087e+00 nan
3.979492187498778755e+00 nan
3.984374999998777422e+00 nan
3.989257812498776090e+00 nan
3.994140624998774314e+00 nan
3.999023437498772982e+00 nan
4.003906249998771649e+00 nan
4.008789062498769873e+00 nan
4.013671874998768985e+00 nan
4.018554687498767208e+00 nan
4.023437499998765432e+00 nan
4.028320312498764544e+00 nan
4.033203124998762767e+00 nan
4.038085937498760991e+00 nan
4.042968749998759215e+00 nan
4.047851562498757438e+00 nan
4.052734374998756550e+00 nan
4.057617187498754774e+00 nan
4.062499999998752997e+00 nan
4.067382812498752109e+00 nan
4.072265624998750333e+00 nan
4.077148437498749445e+00 nan
4.082031249998747668e+00 nan
4.086914062498745892e+00 nan
4.091796874998745004e+00 nan
4.096679687498743228e+00 nan
4.101562499998741451e+00 nan
4.106445312498740563e+00 nan
4.111328124998737898e+00 nan
4.116210937498737010e+00 nan
4.121093749998735234e+00 nan
4.125976562498733458e+00 nan
4.130859374998732569e+00 nan
4.135742187498730793e+00 nan
4.140624999998729905e+00 nan
4.145507812498728129e+00 nan
4.150390624998726352e+00 nan
4.155273437498725464e+00 nan
4.160156249998723688e+00 nan
4.165039062498721911e+00 nan
4.169921874998721023e+00 nan
4.174804687498719247e+00 nan
4.179687499998717470e+00 nan
4.184570312498715694e+00 nan
4.189453124998713918e+00 nan
4.194335937498713029e+00 nan
4.199218749998711253e+00 nan
4.204101562498710365e+00 nan
4.208984374998708589e+00 nan
4.213867187498706812e+00 nan
4.218749999998705924e+00 nan
4.223632812498704148e+00 nan
4.228515624998702371e+00 nan
4.233398437498701483e+00 nan
4.238281249998699707e+00 nan
4.243164062498697930e+00 nan
4.248046874998697042e+00 nan
4.252929687498695266e+00 nan
4.257812499998693490e+00 nan
4.262695312498691713e+00 nan
4.267578124998690825e+00 nan
4.272460937498689049e+00 nan
4.277343749998687272e+00 nan
4.282226562498686384e+00 nan
4.287109374998684608e+00 nan
4.291992187498682831e+00 nan
4.296874999998681943e+00 nan
4.301757812498680167e+00 nan
4.306640624998678391e+00 nan
4.311523437498677502e+00 nan
4.316406249998675726e+00 nan
4.321289062498673950e+00 nan
4.326171874998672173e+00 nan
4.331054687498671285e+00 nan
4.335937499998669509e+00 nan
4.340820312498667732e+00 nan
4.345703124998666844e+00 nan
4.350585937498665068e+00 nan
4.355468749998663291e+00 nan
4.360351562498662403e+00 nan
4.365234374998660627e+00 nan
4.370117187498658851e+00 nan
4.374999999998657962e+00 nan
4.379882812498656186e+00 nan
4.384765624998654410e+00 nan
4.389648437498653522e+00 nan
4.394531249998651745e+00 nan
4.399414062498649969e+00 nan
4.404296874998648192e+00 nan
4.409179687498647304e+00 nan
4.414062499998645528e+00 nan
4.418945312498644640e+00 nan
4.423828124998642863e+00 nan
4.428710937498640199e+00 nan
4.433593749998639311e+00 nan
4.438476562498637534e+00 nan
4.443359374998636646e+00 nan
4.448242187498634870e+00 nan
4.453124999998633982e+00 nan
4.458007812498632205e+00 nan
4.462890624998630429e+00 nan
4.467773437498628653e+00 nan
4.472656249998627764e+00 nan
4.477539062498625988e+00 nan
4.482421874998625100e+00 nan
4.487304687498623323e+00 nan
4.492187499998622435e+00 nan
4.497070312498619771e+00 nan
4.501953124998617994e+00 nan
4.506835937498617106e+00 nan
4.511718749998615330e+00 nan
4.516601562498614442e+00 nan
4.521484374998612665e+00 nan
4.526367187498610889e+00 nan
4.531249999998609113e+00 nan
4.536132812498608224e+00 nan
4.541015624998606448e+00 nan
4.545898437498605560e+00 nan
4.550781249998603784e+00 nan
4.555664062498602895e+00 nan
4.560546874998600231e+00 nan
4.565429687498599343e+00 nan
4.570312499998597566e+00 nan
4.575195312498595790e+00 nan
4.580078124998594902e+00 nan
4.584960937498593125e+00 nan
4.589843749998592237e+00 nan
4.594726562498589573e+00 nan
4.599609374998588684e+00 nan
4.604492187498586908e+00 nan
4.609374999998586020e+00 nan
4.614257812498584244e+00 nan
4.619140624998583355e+00 nan
4.624023437498580691e+00 nan
4.628906249998579803e+00 nan
4.633789062498578026e+00 nan
4.638671874998577138e+00 nan
4.643554687498575362e+00 nan
4.648437499998573585e+00 nan
4.653320312498572697e+00 nan
4.658203124998570033e+00 nan
4.663085937498569145e+00 nan
4.667968749998567368e+00 nan
4.672851562498566480e+00 nan
4.677734374998564704e+00 nan
4.682617187498563815e+00 nan
4.687499999998561151e+00 nan
4.692382812498560263e+00 nan
4.697265624998558486e+00 nan
4.702148437498557598e+00 nan
4.707031249998555822e+00 nan
4.711914062498554934e+00 nan
4.716796874998553157e+00 nan
4.721679687498550493e+00 nan
4.726562499998549605e+00 nan
4.731445312498547828e+00 nan
4.736328124998546940e+00 nan
4.741210937498545164e+00 nan
4.746093749998544276e+00 nan
4.750976562498541611e+00 nan
4.755859374998540723e+00 nan
4.760742187498538946e+00 nan
4.765624999998538058e+00 nan
4.770507812498536282e+00 nan
4.775390624998535394e+00 nan
4.780273437498533617e+00 nan
4.785156249998531841e+00 nan
4.790039062498530065e+00 nan
4.794921874998528288e+00 nan
4.799804687498527400e+00 nan
4.804687499998525624e+00 nan
4.809570312498524736e+00 nan
4.814453124998522071e+00 nan
4.819335937498521183e+00 nan
4.824218749998519407e+00 nan
4.829101562498518518e+00 nan
4.833984374998516742e+00 nan
4.838867187498515854e+00 nan
4.843749999998514078e+00 nan
4.848632812498512301e+00 nan
4.853515624998510525e+00 nan
4.858398437498508748e+00 nan
4.863281249998507860e+00 nan
4.868164062498506084e+00 nan
4.873046874998505196e+00 nan
4.877929687498502531e+00 nan
4.882812499998501643e+00 nan
4.887695312498499867e+00 nan
4.892578124998498978e+00 nan
4.897460937498497202e+00 nan
4.902343749998496314e+00 nan
4.907226562498494538e+00 nan
4.912109374998492761e+00 nan
4.916992187498490985e+00 nan
4.921874999998490097e+00 nan
4.926757812498488320e+00 nan
4.931640624998486544e+00 nan
4.936523437498485656e+00 nan
4.941406249998482991e+00 nan
4.946289062498482103e+00 nan
4.951171874998480327e+00 nan
4.956054687498479439e+00 nan
4.960937499998477662e+00 nan
4.965820312498476774e+00 nan
4.970703124998474998e+00 nan
4.975585937498473221e+00 nan
4.980468749998471445e+00 nan
4.985351562498470557e+00 nan
4.990234374998468780e+00 nan
4.995117187498467892e+00 nan
4.999999999998466116e+00 nan
5.004882812498463451e+00 nan
5.009765624998462563e+00 nan
5.014648437498460787e+00 nan
5.019531249998459899e+00 nan
5.024414062498458122e+00 nan
5.029296874998457234e+00 nan
5.034179687498455458e+00 nan
5.039062499998453681e+00 nan
5.043945312498451905e+00 nan
5.048828124998451017e+00 nan
5.053710937498449240e+00 nan
5.058593749998448352e+00 nan
5.063476562498446576e+00 nan
5.068359374998445688e+00 nan
5.073242187498443023e+00 nan
5.078124999998441247e+00 nan
5.083007812498440359e+00 nan
5.087890624998438582e+00 nan
5.092773437498437694e+00 nan
5.097656249998435918e+00 nan
5.102539062498434141e+00 nan
5.107421874998432365e+00 nan
5.112304687498431477e+00 nan
5.117187499998429701e+00 nan
5.122070312498428812e+00 nan
5.126953124998427036e+00 nan
5.131835937498426148e+00 nan
5.136718749998423483e+00 nan
5.141601562498422595e+00 nan
5.146484374998420819e+00 nan
5.151367187498419042e+00 nan
5.156249999998418154e+00 nan
5.161132812498416378e+00 nan
5.166015624998414602e+00 nan
5.170898437498412825e+00 nan
5.175781249998411937e+00 nan
5.180664062498410161e+00 nan
5.185546874998409272e+00 nan
5.190429687498407496e+00 nan
5.195312499998406608e+00 nan
5.200195312498403943e+00 nan
5.205078124998403055e+00 nan
5.209960937498401279e+00 nan
5.214843749998399502e+00 nan
5.219726562498398614e+00 nan
5.224609374998396838e+00 nan
5.229492187498395950e+00 nan
5.234374999998393285e+00 nan
5.239257812498392397e+00 nan
5.244140624998390621e+00 nan
5.249023437498389733e+00 nan
5.253906249998387956e+00 nan
5.258789062498387068e+00 nan
5.263671874998384403e+00 nan
5.268554687498383515e+00 nan
5.273437499998381739e+00 nan
5.278320312498380851e+00 nan
5.283203124998379074e+00 nan
5.288085937498377298e+00 nan
5.292968749998376410e+00 nan
5.297851562498373745e+00 nan
5.302734374998372857e+00 nan
5.307617187498371081e+00 nan
5.312499999998370193e+00 nan
5.317382812498368416e+00 nan
5.322265624998367528e+00 nan
5.327148437498364864e+00 nan
5.332031249998363975e+00 nan
5.336914062498362199e+00 nan
5.341796874998361311e+00 nan
5.346679687498359534e+00 nan
5.351562499998358646e+00 nan
5.356445312498356870e+00 nan
5.361328124998354205e+00 nan
5.366210937498353317e+00 nan
5.371093749998351541e+00 nan
5.375976562498350653e+00 nan
5.380859374998348876e+00 nan
5.385742187498347988e+00 nan
5.390624999998345324e+00 nan
5.395507812498344435e+00 nan
5.400390624998342659e+00 nan
5.405273437498341771e+00 nan
5.410156249998339995e+00 nan
5.415039062498339106e+00 nan
5.419921874998337330e+00 nan
5.424804687498335554e+00 nan
5.429687499998333777e+00 nan
5.434570312498332001e+00 nan
5.439453124998331113e+00 nan
5.444335937498329336e+00 nan
5.449218749998328448e+00 nan
5.454101562498325784e+00 nan
5.458984374998324896e+00 nan
5.463867187498323119e+00 nan
5.468749999998322231e+00 nan
5.473632812498320455e+00 nan
5.478515624998319566e+00 nan
5.483398437498317790e+00 nan
5.488281249998316014e+00 nan
5.493164062498314237e+00 nan
5.498046874998313349e+00 nan
5.502929687498311573e+00 nan
5.507812499998309796e+00 nan
5.512695312498308908e+00 nan
5.517578124998306244e+00 nan
5.522460937498305356e+00 nan
5.527343749998303579e+00 nan
5.532226562498302691e+00 nan
5.537109374998300915e+00 nan
5.541992187498300027e+00 nan
5.546874999998298250e+00 nan
5.551757812498296474e+00 nan
5.556640624998294697e+00 nan
5.561523437498293809e+00 nan
5.566406249998292033e+00 nan
5.571289062498291145e+00 nan
5.576171874998289368e+00 nan
5.581054687498286704e+00 nan
5.585937499998285816e+00 nan
5.590820312498284039e+00 nan
5.595703124998283151e+00 nan
5.600585937498281375e+00 nan
5.605468749998280487e+00 nan
5.610351562498278710e+00 nan
5.615234374998276934e+00 nan
5.620117187498275158e+00 nan
5.624999999998274269e+00 nan
5.629882812498272493e+00 nan
5.634765624998271605e+00 nan
5.639648437498269828e+00 nan
5.644531249998267164e+00 nan
5.649414062498266276e+00 nan
5.654296874998264499e+00 nan
5.659179687498263611e+00 nan
5.664062499998261835e+00 nan
5.668945312498260947e+00 nan
5.673828124998259170e+00 nan
5.678710937498257394e+00 nan
5.683593749998255618e+00 nan
5.688476562498254729e+00 nan
5.693359374998252953e+00 nan
5.698242187498252065e+00 nan
5.703124999998250289e+00 nan
5.708007812498249400e+00 nan
5.712890624998246736e+00 nan
5.717773437498244959e+00 nan
5.722656249998244071e+00 nan
5.727539062498242295e+00 nan
5.732421874998241407e+00 nan
5.737304687498239630e+00 nan
5.742187499998237854e+00 nan
5.747070312498236078e+00 nan
5.751953124998235189e+00 nan
5.756835937498233413e+00 nan
5.761718749998232525e+00 nan
5.766601562498230749e+00 nan
5.771484374998229860e+00 nan
5.776367187498227196e+00 nan
5.781249999998226308e+00 nan
5.786132812498224531e+00 nan
5.791015624998222755e+00 nan
5.795898437498221867e+00 nan
5.800781249998220090e+00 nan
5.805664062498218314e+00 nan
5.810546874998216538e+00 nan
5.815429687498215650e+00 nan
5.820312499998213873e+00 nan
5.825195312498212985e+00 nan
5.830078124998211209e+00 nan
5.834960937498210320e+00 nan
5.839843749998207656e+00 nan
5.844726562498206768e+00 nan
5.849609374998204991e+00 nan
5.854492187498204103e+00 nan
5.859374999998202327e+00 nan
5.864257812498200551e+00 nan
5.869140624998199662e+00 nan
5.874023437498196998e+00 nan
5.878906249998196110e+00 nan
5.883789062498194333e+00 nan
5.888671874998193445e+00 nan
5.893554687498191669e+00 nan
5.898437499998190781e+00 nan
5.903320312498188116e+00 nan
5.908203124998187228e+00 nan
5.913085937498185451e+00 nan
5.917968749998184563e+00 nan
5.922851562498182787e+00 nan
5.927734374998181899e+00 nan
5.932617187498180122e+00 nan
5.937499999998177458e+00 nan
5.942382812498176570e+00 nan
5.947265624998174793e+00 nan
5.952148437498173905e+00 nan
5.957031249998172129e+00 nan
5.961914062498171241e+00 nan
5.966796874998168576e+00 nan
5.971679687498167688e+00 nan
5.976562499998165912e+00 nan
5.981445312498165023e+00 nan
5.986328124998163247e+00 nan
5.991210937498162359e+00 nan
5.996093749998160582e+00 nan
6.000976562498157918e+00 nan
6.005859374998157030e+00 nan
6.010742187498155253e+00 nan
6.015624999998154365e+00 nan
6.020507812498152589e+00 nan
6.025390624998151701e+00 nan
6.030273437498149036e+00 nan
6.035156249998148148e+00 nan
6.040039062498146372e+00 nan
6.044921874998145483e+00 nan
6.049804687498143707e+00 nan
6.054687499998142819e+00 nan
6.059570312498141043e+00 nan
6.064453124998139266e+00 nan
6.069335937498137490e+00 nan
6.074218749998135713e+00 nan
6.079101562498134825e+00 nan
6.083984374998133049e+00 nan
6.088867187498132161e+00 nan
6.093749999998129496e+00 nan
6.098632812498128608e+00 nan
6.103515624998126832e+00 nan
6.108398437498125944e+00 nan
6.113281249998124167e+00 nan
6.118164062498123279e+00 nan
6.123046874998121503e+00 nan
6.127929687498119726e+00 nan
6.132812499998117950e+00 nan
6.137695312498117062e+00 nan
6.142578124998115285e+00 nan
6.147460937498113509e+00 nan
6.152343749998112621e+00 nan
6.157226562498109956e+00 nan
6.162109374998109068e+00 nan
6.166992187498107292e+00 nan
6.171874999998106404e+00 nan
6.176757812498104627e+00 nan
6.181640624998103739e+00 nan
6.186523437498101963e+00 nan
6.191406249998100186e+00 nan
6.196289062498098410e+00 nan
6.201171874998097522e+00 nan
6.206054687498095745e+00 nan
6.210937499998094857e+00 nan
6.215820312498093081e+00 nan
6.220703124998090416e+00 nan
6.225585937498089528e+00 nan
6.230468749998087752e+00 nan
6.235351562498086864e+00 nan
6.240234374998085087e+00 nan
6.245117187498084199e+00 nan
6.249999999998082423e+00 nan
6.254882812498080646e+00 nan
6.259765624998078870e+00 nan
6.264648437498077982e+00 nan
6.269531249998076206e+00 nan
6.274414062498075317e+00 nan
6.279296874998073541e+00 nan
6.284179687498072653e+00 nan
6.289062499998069988e+00 nan
6.293945312498068212e+00 nan
6.298828124998067324e+00 nan
6.303710937498065547e+00 nan
6.308593749998064659e+00 nan
6.313476562498062883e+00 nan
6.318359374998061107e+00 nan
6.323242187498059330e+00 nan
6.328124999998058442e+00 nan
6.333007812498056666e+00 nan
6.337890624998055777e+00 nan
6.342773437498054001e+00 nan
6.347656249998053113e+00 nan
6.352539062498050448e+00 nan
6.357421874998048672e+00 nan
6.362304687498047784e+00 nan
6.367187499998046007e+00 nan
6.372070312498045119e+00 nan
6.376953124998043343e+00 nan
6.381835937498041567e+00 nan
6.386718749998039790e+00 nan
6.391601562498038902e+00 nan
6.396484374998037126e+00 nan
6.401367187498036238e+00 nan
6.406249999998034461e+00 nan
6.411132812498033573e+00 nan
6.416015624998030908e+00 nan
6.420898437498030020e+00 nan
6.425781249998028244e+00 nan
6.430664062498026468e+00 nan
6.435546874998025579e+00 nan
6.440429687498023803e+00 nan
6.445312499998022027e+00 nan
6.450195312498020250e+00 nan
6.455078124998019362e+00 nan
6.459960937498017586e+00 nan
6.464843749998016698e+00 nan
6.469726562498014921e+00 nan
6.474609374998014033e+00 nan
6.479492187498011369e+00 nan
6.484374999998010480e+00 nan
6.489257812498008704e+00 nan
6.494140624998007816e+00 nan
6.499023437498006039e+00 nan
6.503906249998004263e+00 nan
6.508789062498002487e+00 nan
6.513671874998000710e+00 nan
6.518554687497999822e+00 nan
6.523437499997998046e+00 nan
6.528320312497997158e+00 nan
6.533203124997995381e+00 nan
6.538085937497994493e+00 nan
6.542968749997991829e+00 nan
6.547851562497990940e+00 nan
6.552734374997989164e+00 nan
6.557617187497988276e+00 nan
6.562499999997986500e+00 nan
6.567382812497985611e+00 nan
6.572265624997983835e+00 nan
6.577148437497981170e+00 nan
6.582031249997980282e+00 nan
6.586914062497978506e+00 nan
6.591796874997977618e+00 nan
6.596679687497975841e+00 nan
6.601562499997974953e+00 nan
6.606445312497972289e+00 nan
6.611328124997971400e+00 nan
6.616210937497969624e+00 nan
6.621093749997968736e+00 nan
6.625976562497966960e+00 nan
6.630859374997966071e+00 nan
6.635742187497964295e+00 nan
6.640624999997962519e+00 nan
6.645507812497960742e+00 nan
6.650390624997958966e+00 nan
6.655273437497958078e+00 nan
6.660156249997956301e+00 nan
6.665039062497955413e+00 nan
6.669921874997952749e+00 nan
6.674804687497951861e+00 nan
6.679687499997950084e+00 nan
6.684570312497949196e+00 nan
6.689453124997947420e+00 nan
6.694335937497946531e+00 nan
6.699218749997944755e+00 nan
6.704101562497942979e+00 nan
6.708984374997941202e+00 nan
6.713867187497940314e+00 nan
6.718749999997938538e+00 nan
6.723632812497936762e+00 nan
6.728515624997935873e+00 nan
6.733398437497933209e+00 nan
6.738281249997932321e+00 nan
6.743164062497930544e+00 nan
6.748046874997929656e+00 nan
6.752929687497927880e+00 nan
6.757812499997926992e+00 nan
6.762695312497925215e+00 nan
6.767578124997923439e+00 nan
6.772460937497921662e+00 nan
6.777343749997920774e+00 nan
6.782226562497918998e+00 nan
6.787109374997917222e+00 nan
6.791992187497916333e+00 nan
6.796874999997913669e+00 nan
6.801757812497912781e+00 nan
6.806640624997911004e+00 nan
6.811523437497910116e+00 nan
6.816406249997908340e+00 nan
6.821289062497907452e+00 nan
6.826171874997905675e+00 nan
6.831054687497903899e+00 nan
6.835937499997902123e+00 nan
6.840820312497901234e+00 nan
6.845703124997899458e+00 nan
6.850585937497898570e+00 nan
6.855468749997896794e+00 nan
6.860351562497894129e+00 nan
6.865234374997893241e+00 nan
6.870117187497891464e+00 nan
6.874999999997890576e+00 nan
6.879882812497888800e+00 nan
6.884765624997887912e+00 nan
6.889648437497886135e+00 nan
6.894531249997884359e+00 nan
6.899414062497882583e+00 nan
6.904296874997881694e+00 nan
6.909179687497879918e+00 nan
6.914062499997879030e+00 nan
6.918945312497877254e+00 nan
6.923828124997876365e+00 nan
6.928710937497873701e+00 nan
6.933593749997871925e+00 nan
6.938476562497871036e+00 nan
6.943359374997869260e+00 nan
6.948242187497868372e+00 nan
6.953124999997866595e+00 nan
6.958007812497864819e+00 nan
6.962890624997863043e+00 nan
6.967773437497862155e+00 nan
6.972656249997860378e+00 nan
6.977539062497859490e+00 nan
6.982421874997857714e+00 nan
6.987304687497856825e+00 nan
6.992187499997854161e+00 nan
6.997070312497853273e+00 nan
7.001953124997851496e+00 nan
7.006835937497849720e+00 nan
7.011718749997848832e+00 nan
7.016601562497847056e+00 nan
7.021484374997845279e+00 nan
7.026367187497843503e+00 nan
7.031249999997842615e+00 nan
7.036132812497840838e+00 nan
7.041015624997839950e+00 nan
7.045898437497838174e+00 nan
7.050781249997837286e+00 nan
7.055664062497834621e+00 nan
7.060546874997833733e+00 nan
7.065429687497831956e+00 nan
7.070312499997831068e+00 nan
7.075195312497829292e+00 nan
7.080078124997827516e+00 nan
7.084960937497825739e+00 nan
7.089843749997823963e+00 nan
7.094726562497823075e+00 nan
7.099609374997821298e+00 nan
7.104492187497820410e+00 nan
7.109374999997818634e+00 nan
7.114257812497817746e+00 nan
7.119140624997815081e+00 nan
7.124023437497814193e+00 nan
7.128906249997812417e+00 nan
7.133789062497811528e+00 nan
7.138671874997809752e+00 nan
7.143554687497807976e+00 nan
7.148437499997806199e+00 nan
7.153320312497804423e+00 nan
7.158203124997803535e+00 nan
7.163085937497801758e+00 nan
7.167968749997800870e+00 nan
7.172851562497799094e+00 nan
7.177734374997798206e+00 nan
7.182617187497795541e+00 nan
7.187499999997794653e+00 nan
7.192382812497792877e+00 nan
7.197265624997791988e+00 nan
7.202148437497790212e+00 nan
7.207031249997789324e+00 nan
7.211914062497787548e+00 nan
7.216796874997784883e+00 nan
7.221679687497783995e+00 nan
7.226562499997782218e+00 nan
7.231445312497781330e+00 nan
7.236328124997779554e+00 nan
7.241210937497778666e+00 nan
7.246093749997776001e+00 nan
7.250976562497775113e+00 nan
7.255859374997773337e+00 nan
7.260742187497772449e+00 nan
7.265624999997770672e+00 nan
7.270507812497769784e+00 nan
7.275390624997768008e+00 nan
7.280273437497766231e+00 nan
7.285156249997764455e+00 nan
7.290039062497762679e+00 nan
7.294921874997761790e+00 nan
7.299804687497760014e+00 nan
7.304687499997759126e+00 nan
7.309570312497756461e+00 nan
7.314453124997755573e+00 nan
7.319335937497753797e+00 nan
7.324218749997752909e+00 nan
7.329101562497751132e+00 nan
7.333984374997750244e+00 nan
7.338867187497748468e+00 nan
7.343749999997746691e+00 nan
7.348632812497744915e+00 nan
7.353515624997744027e+00 nan
7.358398437497742250e+00 nan
7.363281249997740474e+00 nan
7.368164062497739586e+00 nan
7.373046874997736921e+00 nan
7.377929687497736033e+00 nan
7.382812499997734257e+00 nan
7.387695312497733369e+00 nan
7.392578124997731592e+00 nan
7.397460937497730704e+00 nan
7.402343749997728928e+00 nan
7.407226562497727151e+00 nan
7.412109374997725375e+00 nan
7.416992187497724487e+00 nan
7.421874999997722711e+00 nan
7.426757812497721822e+00 nan
7.431640624997720046e+00 nan
7.436523437497717381e+00 nan
7.441406249997716493e+00 nan
7.446289062497714717e+00 nan
7.451171874997713829e+00 nan
7.456054687497712052e+00 nan
7.460937499997711164e+00 nan
7.465820312497709388e+00 nan
7.470703124997707611e+00 nan
7.475585937497705835e+00 nan
7.480468749997704947e+00 nan
7.485351562497703171e+00 nan
7.490234374997702282e+00 nan
7.495117187497700506e+00 nan
7.499999999997699618e+00 nan
7.504882812497696953e+00 nan
7.509765624997695177e+00 nan
7.514648437497694289e+00 nan
7.519531249997692512e+00 nan
7.524414062497691624e+00 nan
7.529296874997689848e+00 nan
7.534179687497688072e+00 nan
7.539062499997686295e+00 nan
7.543945312497685407e+00 nan
7.548828124997683631e+00 nan
7.553710937497682743e+00 nan
7.558593749997680966e+00 nan
7.563476562497680078e+00 nan
7.568359374997677413e+00 nan
7.573242187497675637e+00 nan
7.578124999997674749e+00 nan
7.583007812497672973e+00 nan
7.587890624997672084e+00 nan
7.592773437497670308e+00 nan
7.597656249997668532e+00 nan
7.602539062497666755e+00 nan
7.607421874997665867e+00 nan
7.612304687497664091e+00 nan
7.617187499997663203e+00 nan
7.622070312497661426e+00 nan
7.626953124997660538e+00 nan
7.631835937497657874e+00 nan
7.636718749997656985e+00 nan
7.641601562497655209e+00 nan
7.646484374997653433e+00 nan
7.651367187497652544e+00 nan
7.656249999997650768e+00 nan
7.661132812497648992e+00 nan
7.666015624997647215e+00 nan
7.670898437497646327e+00 nan
7.675781249997644551e+00 nan
7.680664062497643663e+00 nan
7.685546874997641886e+00 nan
7.690429687497640998e+00 nan
7.695312499997638334e+00 nan
7.700195312497637445e+00 nan
7.705078124997635669e+00 nan
7.709960937497634781e+00 nan
7.714843749997633005e+00 nan
7.719726562497631228e+00 nan
7.724609374997629452e+00 nan
7.729492187497627675e+00 nan
7.734374999997626787e+00 nan
7.739257812497625011e+00 nan
7.744140624997624123e+00 nan
7.749023437497622346e+00 nan
7.753906249997621458e+00 nan
7.758789062497618794e+00 nan
7.763671874997617905e+00 nan
7.768554687497616129e+00 nan
7.773437499997615241e+00 nan
7.778320312497613465e+00 nan
7.783203124997612576e+00 nan
7.788085937497609912e+00 nan
7.792968749997608136e+00 nan
7.797851562497607247e+00 nan
7.802734374997605471e+00 nan
7.807617187497604583e+00 nan
7.812499999997602806e+00 nan
7.817382812497601918e+00 nan
7.822265624997599254e+00 nan
7.827148437497598366e+00 nan
7.832031249997596589e+00 nan
7.836914062497595701e+00 nan
7.841796874997593925e+00 nan
7.846679687497593036e+00 nan
7.851562499997591260e+00 nan
7.856445312497589484e+00 nan
7.861328124997587707e+00 nan
7.866210937497585931e+00 nan
7.871093749997585043e+00 nan
7.875976562497583267e+00 nan
7.880859374997582378e+00 nan
7.885742187497579714e+00 nan
7.890624999997578826e+00 nan
7.895507812497577049e+00 nan
7.900390624997576161e+00 nan
7.905273437497574385e+00 nan
7.910156249997573497e+00 nan
7.915039062497571720e+00 nan
7.919921874997569944e+00 nan
7.924804687497568167e+00 nan
7.929687499997566391e+00 nan
7.934570312497565503e+00 nan
7.939453124997563727e+00 nan
7.944335937497562838e+00 nan
7.949218749997560174e+00 nan
7.954101562497559286e+00 nan
7.958984374997557509e+00 nan
7.963867187497556621e+00 nan
7.968749999997554845e+00 nan
7.973632812497553957e+00 nan
7.978515624997552180e+00 nan
7.983398437497550404e+00 nan
7.988281249997548628e+00 nan
7.993164062497547739e+00 nan
7.998046874997545963e+00 nan
8.002929687497543298e+00 nan
8.007812499997543298e+00 nan
8.012695312497541522e+00 nan
8.017578124997539746e+00 nan
8.022460937497537969e+00 nan
8.027343749997537969e+00 nan
8.032226562497534417e+00 nan
8.037109374997534417e+00 nan
8.041992187497532640e+00 nan
8.046874999997530864e+00 nan
8.051757812497529088e+00 nan
8.056640624997529088e+00 nan
8.061523437497525535e+00 nan
8.066406249997525535e+00 nan
8.071289062497523759e+00 nan
8.076171874997521982e+00 nan
8.081054687497520206e+00 nan
8.085937499997518429e+00 nan
8.090820312497518429e+00 nan
8.095703124997514877e+00 nan
8.100585937497514877e+00 nan
8.105468749997513100e+00 nan
8.110351562497511324e+00 nan
8.115234374997509548e+00 nan
8.120117187497509548e+00 nan
8.124999999997505995e+00 nan
8.129882812497505995e+00 nan
8.134765624997504219e+00 nan
8.139648437497502442e+00 nan
8.144531249997500666e+00 nan
8.149414062497498890e+00 nan
8.154296874997498890e+00 nan
8.159179687497495337e+00 nan
8.164062499997495337e+00 nan
8.168945312497493560e+00 nan
8.173828124997491784e+00 nan
8.178710937497490008e+00 nan
8.183593749997490008e+00 nan
8.188476562497486455e+00 nan
8.193359374997486455e+00 nan
8.198242187497484679e+00 nan
8.203124999997482902e+00 nan
8.208007812497481126e+00 nan
8.212890624997481126e+00 nan
8.217773437497479350e+00 nan
8.222656249997475797e+00 nan
8.227539062497475797e+00 nan
8.232421874997474021e+00 nan
8.237304687497472244e+00 nan
8.242187499997470468e+00 nan
8.247070312497470468e+00 nan
8.251953124997466915e+00 nan
8.256835937497466915e+00 nan
8.261718749997465139e+00 nan
8.266601562497463362e+00 nan
8.271484374997461586e+00 nan
8.276367187497461586e+00 nan
8.281249999997459810e+00 nan
8.286132812497456257e+00 nan
8.291015624997456257e+00 nan
8.295898437497454481e+00 nan
8.300781249997452704e+00 nan
8.305664062497450928e+00 nan
8.310546874997450928e+00 nan
8.315429687497447375e+00 nan
8.320312499997447375e+00 nan
8.325195312497445599e+00 nan
8.330078124997443823e+00 nan
8.334960937497442046e+00 nan
8.339843749997442046e+00 nan
8.344726562497440270e+00 nan
8.349609374997438493e+00 nan
8.354492187497436717e+00 nan
8.359374999997434941e+00 nan
8.364257812497433164e+00 nan
8.369140624997431388e+00 nan
8.374023437497431388e+00 nan
8.378906249997427835e+00 nan
8.383789062497427835e+00 nan
8.388671874997426059e+00 nan
8.393554687497424283e+00 nan
8.398437499997422506e+00 nan
8.403320312497422506e+00 nan
8.408203124997420730e+00 nan
8.413085937497418954e+00 nan
8.417968749997417177e+00 nan
8.422851562497415401e+00 nan
8.427734374997413624e+00 nan
8.432617187497411848e+00 nan
8.437499999997411848e+00 nan
8.442382812497408295e+00 nan
8.447265624997408295e+00 nan
8.452148437497406519e+00 nan
8.457031249997404743e+00 nan
8.461914062497402966e+00 nan
8.466796874997402966e+00 nan
8.471679687497401190e+00 nan
8.476562499997399414e+00 nan
8.481445312497397637e+00 nan
8.486328124997395861e+00 nan
8.491210937497394085e+00 nan
8.496093749997394085e+00 nan
8.500976562497392308e+00 nan
8.505859374997390532e+00 nan
8.510742187497388755e+00 nan
8.515624999997386979e+00 nan
8.520507812497385203e+00 nan
8.525390624997383426e+00 nan
8.530273437497383426e+00 nan
8.535156249997381650e+00 nan
8.540039062497379874e+00 nan
8.544921874997378097e+00 nan
8.549804687497376321e+00 nan
8.554687499997374545e+00 nan
8.559570312497374545e+00 nan
8.564453124997372768e+00 nan
8.569335937497370992e+00 nan
8.574218749997369216e+00 nan
8.579101562497367439e+00 nan
8.583984374997365663e+00 nan
8.588867187497363886e+00 nan
8.593749999997363886e+00 nan
8.598632812497362110e+00 nan
8.603515624997360334e+00 nan
8.608398437497358557e+00 nan
8.613281249997356781e+00 nan
8.618164062497355005e+00 nan
8.623046874997355005e+00 nan
8.627929687497353228e+00 nan
8.632812499997351452e+00 nan
8.637695312497349676e+00 nan
8.642578124997347899e+00 nan
8.647460937497346123e+00 nan
8.652343749997344347e+00 nan
8.657226562497344347e+00 nan
8.662109374997342570e+00 nan
8.666992187497340794e+00 nan
8.671874999997339017e+00 nan
8.676757812497337241e+00 nan
8.681640624997335465e+00 nan
8.686523437497335465e+00 nan
8.691406249997333688e+00 nan
8.696289062497331912e+00 nan
8.701171874997330136e+00 nan
8.706054687497328359e+00 nan
8.710937499997326583e+00 nan
8.715820312497324807e+00 nan
8.720703124997324807e+00 nan
8.725585937497323030e+00 nan
8.730468749997321254e+00 nan
8.735351562497319478e+00 nan
8.740234374997317701e+00 nan
8.745117187497315925e+00 nan
8.749999999997315925e+00 nan
8.754882812497314148e+00 nan
8.759765624997312372e+00 nan
8.764648437497310596e+00 nan
8.769531249997308819e+00 nan
8.774414062497307043e+00 nan
8.779296874997307043e+00 nan
8.784179687497305267e+00 nan
8.789062499997303490e+00 nan
8.793945312497301714e+00 nan
8.798828124997299938e+00 nan
8.803710937497298161e+00 nan
8.808593749997296385e+00 nan
8.813476562497294609e+00 nan
8.818359374997294609e+00 nan
8.823242187497292832e+00 nan
8.828124999997291056e+00 nan
8.833007812497289279e+00 nan
8.837890624997289279e+00 nan
8.842773437497287503e+00 nan
8.847656249997285727e+00 nan
8.852539062497283950e+00 nan
8.857421874997280398e+00 nan
8.862304687497280398e+00 nan
8.867187499997278621e+00 nan
8.872070312497276845e+00 nan
8.876953124997275069e+00 nan
8.881835937497275069e+00 nan
8.886718749997273292e+00 nan
8.891601562497271516e+00 nan
8.896484374997269740e+00 nan
8.901367187497269740e+00 nan
8.906249999997267963e+00 nan
8.911132812497266187e+00 nan
8.916015624997264410e+00 nan
8.920898437497264410e+00 nan
8.925781249997260858e+00 nan
8.930664062497259081e+00 nan
8.935546874997257305e+00 nan
8.940429687497255529e+00 nan
8.945312499997255529e+00 nan
8.950195312497253752e+00 nan
8.955078124997251976e+00 nan
8.959960937497250200e+00 nan
8.964843749997250200e+00 nan
8.969726562497248423e+00 nan
8.974609374997246647e+00 nan
8.979492187497244871e+00 nan
8.984374999997244871e+00 nan
8.989257812497241318e+00 nan
8.994140624997239541e+00 nan
8.999023437497237765e+00 nan
9.003906249997235989e+00 nan
9.008789062497235989e+00 nan
9.013671874997234212e+00 nan
9.018554687497232436e+00 nan
9.023437499997230660e+00 nan
9.028320312497230660e+00 nan
9.033203124997228883e+00 nan
9.038085937497227107e+00 nan
9.042968749997225331e+00 nan
9.047851562497225331e+00 nan
9.052734374997221778e+00 nan
9.057617187497220002e+00 nan
9.062499999997218225e+00 nan
9.067382812497218225e+00 nan
9.072265624997216449e+00 nan
9.077148437497214672e+00 nan
9.082031249997212896e+00 nan
9.086914062497211120e+00 nan
9.091796874997211120e+00 nan
9.096679687497209343e+00 nan
9.101562499997207567e+00 nan
9.106445312497205791e+00 nan
9.111328124997205791e+00 nan
9.116210937497202238e+00 nan
9.121093749997200462e+00 nan
9.125976562497198685e+00 nan
9.130859374997198685e+00 nan
9.135742187497196909e+00 nan
9.140624999997195133e+00 nan
9.145507812497193356e+00 nan
9.150390624997191580e+00 nan
9.155273437497191580e+00 nan
9.160156249997189803e+00 nan
9.165039062497188027e+00 nan
9.169921874997186251e+00 nan
9.174804687497186251e+00 nan
9.179687499997184474e+00 nan
9.184570312497180922e+00 nan
9.189453124997179145e+00 nan
9.194335937497179145e+00 nan
9.199218749997177369e+00 nan
9.204101562497175593e+00 nan
9.208984374997173816e+00 nan
9.213867187497173816e+00 nan
9.218749999997172040e+00 nan
9.223632812497170264e+00 nan
9.228515624997168487e+00 nan
9.233398437497166711e+00 nan
9.238281249997166711e+00 nan
9.243164062497164934e+00 nan
9.248046874997161382e+00 nan
9.252929687497159605e+00 nan
9.257812499997159605e+00 nan
9.262695312497157829e+00 nan
9.267578124997156053e+00 nan
9.272460937497154276e+00 nan
9.277343749997154276e+00 nan
9.282226562497152500e+00 nan
9.287109374997150724e+00 nan
9.291992187497148947e+00 nan
9.296874999997147171e+00 nan
9.301757812497147171e+00 nan
9.306640624997145395e+00 nan
9.311523437497141842e+00 nan
9.316406249997140065e+00 nan
9.321289062497140065e+00 nan
9.326171874997138289e+00 nan
9.331054687497136513e+00 nan
9.335937499997134736e+00 nan
9.340820312497134736e+00 nan
9.345703124997132960e+00 nan
9.350585937497131184e+00 nan
9.355468749997129407e+00 nan
9.360351562497127631e+00 nan
9.365234374997127631e+00 nan
9.370117187497125855e+00 nan
9.374999999997122302e+00 nan
9.379882812497120526e+00 nan
9.384765624997120526e+00 nan
9.389648437497118749e+00 nan
9.394531249997116973e+00 nan
9.399414062497115196e+00 nan
9.404296874997115196e+00 nan
9.409179687497113420e+00 nan
9.414062499997111644e+00 nan
9.418945312497109867e+00 nan
9.423828124997109867e+00 nan
9.428710937497108091e+00 nan
9.433593749997106315e+00 nan
9.438476562497102762e+00 nan
9.443359374997100986e+00 nan
9.448242187497100986e+00 nan
9.453124999997099209e+00 nan
9.458007812497097433e+00 nan
9.462890624997095657e+00 nan
9.467773437497095657e+00 nan
9.472656249997093880e+00 nan
9.477539062497092104e+00 nan
9.482421874997090327e+00 nan
9.487304687497090327e+00 nan
9.492187499997088551e+00 nan
9.497070312497086775e+00 nan
9.501953124997083222e+00 nan
9.506835937497081446e+00 nan
9.511718749997081446e+00 nan
9.516601562497079669e+00 nan
9.521484374997077893e+00 nan
9.526367187497076117e+00 nan
9.531249999997076117e+00 nan
9.536132812497074340e+00 nan
9.541015624997072564e+00 nan
9.545898437497070788e+00 nan
9.550781249997070788e+00 nan
9.555664062497069011e+00 nan
9.560546874997067235e+00 nan
9.565429687497063682e+00 nan
9.570312499997063682e+00 nan
9.575195312497061906e+00 nan
9.580078124997060129e+00 nan
9.584960937497058353e+00 nan
9.589843749997056577e+00 nan
9.594726562497056577e+00 nan
9.599609374997054800e+00 nan
9.604492187497053024e+00 nan
9.609374999997051248e+00 nan
9.614257812497051248e+00 nan
9.619140624997049471e+00 nan
9.624023437497047695e+00 nan
9.628906249997044142e+00 nan
9.633789062497044142e+00 nan
9.638671874997042366e+00 nan
9.643554687497040590e+00 nan
9.648437499997038813e+00 nan
9.653320312497037037e+00 nan
9.658203124997037037e+00 nan
9.663085937497035260e+00 nan
9.667968749997033484e+00 nan
9.672851562497031708e+00 nan
9.677734374997031708e+00 nan
9.682617187497029931e+00 nan
9.687499999997028155e+00 nan
9.692382812497024602e+00 nan
9.697265624997024602e+00 nan
9.702148437497022826e+00 nan
9.707031249997021050e+00 nan
9.711914062497019273e+00 nan
9.716796874997017497e+00 nan
9.721679687497017497e+00 nan
9.726562499997015721e+00 nan
9.731445312497013944e+00 nan
9.736328124997012168e+00 nan
9.741210937497012168e+00 nan
9.746093749997010391e+00 nan
9.750976562497008615e+00 nan
9.755859374997005062e+00 nan
9.760742187497005062e+00 nan
9.765624999997003286e+00 nan
9.770507812497001510e+00 nan
9.775390624996999733e+00 nan
9.780273437496999733e+00 nan
9.785156249996997957e+00 nan
9.790039062496996181e+00 nan
9.794921874996994404e+00 nan
9.799804687496992628e+00 nan
9.804687499996992628e+00 nan
9.809570312496990852e+00 nan
9.814453124996989075e+00 nan
9.819335937496985522e+00 nan
9.824218749996985522e+00 nan
9.829101562496983746e+00 nan
9.833984374996981970e+00 nan
9.838867187496980193e+00 nan
9.843749999996980193e+00 nan
9.848632812496978417e+00 nan
9.853515624996976641e+00 nan
9.858398437496974864e+00 nan
9.863281249996973088e+00 nan
9.868164062496973088e+00 nan
9.873046874996971312e+00 nan
9.877929687496969535e+00 nan
9.882812499996965983e+00 nan
9.887695312496965983e+00 nan
9.892578124996964206e+00 nan
9.897460937496962430e+00 nan
9.902343749996960653e+00 nan
9.907226562496960653e+00 nan
9.912109374996958877e+00 nan
9.916992187496957101e+00 nan
9.921874999996955324e+00 nan
9.926757812496955324e+00 nan
9.931640624996953548e+00 nan
9.936523437496951772e+00 nan
9.941406249996949995e+00 nan
9.946289062496946443e+00 nan
9.951171874996946443e+00 nan
9.956054687496944666e+00 nan
9.960937499996942890e+00 nan
9.965820312496941114e+00 nan
9.970703124996941114e+00 nan
9.975585937496939337e+00 nan
9.980468749996937561e+00 nan
9.985351562496935784e+00 nan
9.990234374996935784e+00 nan
9.995117187496934008e+00 nan
9.999999999996932232e+00 nan
