%title sample_control_neg-alu
%Created 3
%type 0
%Parameters Parameters
%param Position of delay line pump+THz,125.99983
%param accumulations,33
%param Lockin time constant,0.05
%param Reader function used,Read X
%param Lockin sensitivity,0.001
%param scannerversion,4.12
%param Delay line THz,scanning
%param Position of delay line pump,603.96349
%param Date and time,2026-02-25 10:06:18.175000
1.260000000000000000e+02 2.420000000000000547e-05
1.260500000000000682e+02 2.619090909090909672e-05
1.260999999999999517e+02 2.555151515151514815e-05
1.261500000000000483e+02 2.434848484848484504e-05
1.261999999999999318e+02 2.328787878787878956e-05
1.262499999999999716e+02 2.287575757575757224e-05
1.263000000000000682e+02 2.292424242424242293e-05
1.263499999999999517e+02 2.801212121212121733e-05
1.264000000000000483e+02 2.592121212121212365e-05
1.264499999999999318e+02 2.232121212121211746e-05
1.264999999999999716e+02 2.479696969696969867e-05
1.265500000000000682e+02 2.020303030303030416e-05
1.265999999999999233e+02 2.738181818181818547e-05
1.266499999999999915e+02 2.895454545454546069e-05
1.266999999999999034e+02 2.693030303030304095e-05
1.267499999999999716e+02 2.054545454545453632e-05
1.268000000000000682e+02 2.316969696969696049e-05
1.268499999999999233e+02 2.290000000000000436e-05
1.268999999999999915e+02 2.274242424242423793e-05
1.269499999999999034e+02 2.357878787878787676e-05
1.269999999999999716e+02 1.694545454545455046e-05
1.270499999999998550e+02 2.331212121212121151e-05
1.270999999999999233e+02 2.049393939393940491e-05
1.271499999999999915e+02 2.501818181818181428e-05
1.271999999999998465e+02 2.132121212121212026e-05
1.272499999999999716e+02 2.451818181818182584e-05
1.272999999999998550e+02 2.610000000000000083e-05
1.273499999999999233e+02 1.985757575757575400e-05
1.273999999999999631e+02 2.313636363636363877e-05
1.274499999999998465e+02 2.389090909090909503e-05
1.274999999999999716e+02 2.464545454545454450e-05
1.275499999999998550e+02 3.203939393939394609e-05
1.275999999999999233e+02 2.518787878787878492e-05
1.276499999999999631e+02 2.806666666666667351e-05
1.276999999999998465e+02 2.246969696969697397e-05
1.277499999999999716e+02 2.502121212121211872e-05
1.277999999999998550e+02 2.324242424242424330e-05
1.278499999999998948e+02 2.730606060606060838e-05
1.278999999999999631e+02 2.574242424242424986e-05
1.279499999999998465e+02 2.193636363636363671e-05
1.279999999999999716e+02 2.636060606060606397e-05
1.280499999999998408e+02 1.947878787878787874e-05
1.280999999999999091e+02 2.351818181818181847e-05
1.281499999999999773e+02 2.580606060606060580e-05
1.281999999999998465e+02 2.163030303030303748e-05
1.282499999999999716e+02 2.344545454545454583e-05
1.283000000000000682e+02 2.603030303030303601e-05
1.283499999999999375e+02 2.420909090909091201e-05
1.284000000000000625e+02 2.024848484848484363e-05
1.284499999999999318e+02 2.374545454545453957e-05
1.285000000000000000e+02 2.553030303030303063e-05
1.285500000000000682e+02 2.081818181818182061e-05
1.285999999999999375e+02 2.575454545454545406e-05
1.286500000000000625e+02 2.257575757575757511e-05
1.286999999999999318e+02 2.531212121212121269e-05
1.287500000000000284e+02 2.049090909090909031e-05
1.288000000000001535e+02 2.516363636363635957e-05
1.288500000000000227e+02 2.305757575757575725e-05
1.289000000000000909e+02 2.880303030303029975e-05
1.289500000000001592e+02 2.543939393939393135e-05
1.290000000000000284e+02 2.157272727272727347e-05
1.290500000000001535e+02 2.246363636363636171e-05
1.291000000000002501e+02 2.593636363636364585e-05
1.291500000000001194e+02 2.493333333333332726e-05
1.292000000000002444e+02 2.393030303030303579e-05
1.292500000000001137e+02 2.277878787878788103e-05
1.293000000000001819e+02 2.341212121212122072e-05
1.293500000000002501e+02 2.009090909090910092e-05
1.294000000000001194e+02 2.539696969696969632e-05
1.294500000000002444e+02 2.771212121212122021e-05
1.295000000000001137e+02 2.239696969696969794e-05
1.295500000000002103e+02 2.478484848484849108e-05
1.296000000000003354e+02 2.057878787878787837e-05
1.296500000000002046e+02 2.588787878787879177e-05
1.297000000000002728e+02 2.448181818181817935e-05
1.297500000000003411e+02 2.421212121212121306e-05
1.298000000000002103e+02 3.066969696969697000e-05
1.298500000000003354e+02 2.126363636363635964e-05
1.299000000000004320e+02 2.020606060606060860e-05
1.299500000000003013e+02 2.850303030303030940e-05
1.300000000000004263e+02 2.987878787878788759e-05
1.300500000000002956e+02 3.072727272727272384e-05
1.301000000000003638e+02 2.741818181818181502e-05
1.301500000000004320e+02 2.783333333333332999e-05
1.302000000000003013e+02 2.277878787878788441e-05
1.302500000000004263e+02 2.485757575757576034e-05
1.303000000000002956e+02 2.263636363636364017e-05
1.303500000000003922e+02 2.106060606060605373e-05
1.304000000000005173e+02 2.213030303030302930e-05
1.304500000000003865e+02 2.173333333333333419e-05
1.305000000000004547e+02 2.355454545454545819e-05
1.305500000000005230e+02 2.416666666666666342e-05
1.306000000000003922e+02 2.909393939393938695e-05
1.306500000000005173e+02 2.229696969696969212e-05
1.307000000000006139e+02 2.528181818181818525e-05
1.307500000000004832e+02 2.784242424242425347e-05
1.308000000000006082e+02 2.602727272727272480e-05
1.308500000000004775e+02 2.620303030303030770e-05
1.309000000000005457e+02 2.891212121212120872e-05
1.309500000000006139e+02 2.718181818181817722e-05
1.310000000000004832e+02 2.517878787878787838e-05
1.310500000000006082e+02 2.723939393939393445e-05
1.311000000000004775e+02 2.181515151515151337e-05
1.311500000000005741e+02 2.357878787878788014e-05
1.312000000000006992e+02 2.623636363636363281e-05
1.312500000000005684e+02 2.303636363636363295e-05
1.313000000000006366e+02 2.857575757575758204e-05
1.313500000000007049e+02 2.573333333333332977e-05
1.314000000000005741e+02 2.451818181818181906e-05
1.314500000000006992e+02 2.225757575757575813e-05
1.315000000000007958e+02 2.126666666666666069e-05
1.315500000000006651e+02 2.120909090909090685e-05
1.316000000000007901e+02 2.794545454545454340e-05
1.316500000000006594e+02 2.333939393939393791e-05
1.317000000000007276e+02 2.518181818181818282e-05
1.317500000000007958e+02 2.408787878787878528e-05
1.318000000000006651e+02 2.333939393939393791e-05
1.318500000000007901e+02 2.266363636363635640e-05
1.319000000000006594e+02 3.009696969696969198e-05
1.319500000000007560e+02 2.726363636363636657e-05
1.320000000000008811e+02 2.491515151515151757e-05
1.320500000000007503e+02 2.673333333333333714e-05
1.321000000000008185e+02 2.326060606060605638e-05
1.321500000000008868e+02 2.277575757575757320e-05
1.322000000000007560e+02 3.052424242424242471e-05
1.322500000000008811e+02 3.580000000000000283e-05
1.323000000000009777e+02 2.257575757575758189e-05
1.323500000000008470e+02 2.657272727272727304e-05
1.324000000000009436e+02 2.114545454545454752e-05
1.324500000000008413e+02 2.430909090909091783e-05
1.325000000000009095e+02 2.764545454545454288e-05
1.325500000000009777e+02 2.747575757575757225e-05
1.326000000000008754e+02 2.088787878787879221e-05
1.326500000000009720e+02 2.049696969696969919e-05
1.327000000000008413e+02 2.555151515151515154e-05
1.327500000000009379e+02 2.638181818181817810e-05
1.328000000000010630e+02 2.340606060606060168e-05
1.328500000000009322e+02 2.791818181818182039e-05
1.329000000000010004e+02 2.748181818181818112e-05
1.329500000000010687e+02 2.796666666666666431e-05
1.330000000000009379e+02 2.250000000000000481e-05
1.330500000000010630e+02 2.327878787878787963e-05
1.331000000000011596e+02 2.412121212121212733e-05
1.331500000000010289e+02 2.673939393939394262e-05
1.332000000000011255e+02 2.500606060606061008e-05
1.332500000000010232e+02 2.201515151515151146e-05
1.333000000000010914e+02 2.339090909090908965e-05
1.333500000000011596e+02 2.859393939393940190e-05
1.334000000000010573e+02 2.413030303030302371e-05
1.334500000000011539e+02 2.172727272727272531e-05
1.335000000000010232e+02 2.736060606060605101e-05
1.335500000000011198e+02 2.259393939393939158e-05
1.336000000000012449e+02 2.366969696969696926e-05
1.336500000000011141e+02 2.214848484848484238e-05
1.337000000000011823e+02 2.554848484848485049e-05
1.337500000000012506e+02 2.724242424242424228e-05
1.338000000000011198e+02 2.246363636363636171e-05
1.338500000000012449e+02 2.324242424242424669e-05
1.339000000000013415e+02 2.950303030303030321e-05
1.339500000000012108e+02 1.955454545454545244e-05
1.340000000000013074e+02 2.470909090909090722e-05
1.340500000000012051e+02 2.097575757575757688e-05
1.341000000000012733e+02 2.129999999999999597e-05
1.341500000000013415e+02 2.050606060606060573e-05
1.342000000000012392e+02 2.243636363636363531e-05
1.342500000000013358e+02 2.451212121212120680e-05
1.343000000000012051e+02 2.332121212121211805e-05
1.343500000000013017e+02 2.524848484848484997e-05
1.344000000000014268e+02 2.319090909090909156e-05
1.344500000000012960e+02 2.316969696969696388e-05
1.345000000000013642e+02 2.281515151515152074e-05
1.345500000000014325e+02 2.227272727272727016e-05
1.346000000000013017e+02 2.553333333333333507e-05
1.346500000000014268e+02 2.018787878787878535e-05
1.347000000000015234e+02 2.223636363636364400e-05
1.347500000000013927e+02 2.401515151515150586e-05
1.348000000000014893e+02 2.851212121212121255e-05
1.348500000000013870e+02 2.141818181818181825e-05
1.349000000000014552e+02 2.347575757575757666e-05
1.349500000000015234e+02 2.226060606060606257e-05
1.350000000000014211e+02 2.440303030303031138e-05
1.350500000000015177e+02 2.353333333333333728e-05
1.351000000000013870e+02 2.438787878787878241e-05
1.351500000000014836e+02 2.345151515151515471e-05
1.352000000000016087e+02 2.785454545454545767e-05
1.352500000000014779e+02 2.532121212121211584e-05
1.353000000000015461e+02 2.686060606060606257e-05
1.353500000000016144e+02 2.362727272727272406e-05
1.354000000000014836e+02 2.266060606060605196e-05
1.354500000000016087e+02 2.595454545454545215e-05
1.355000000000017053e+02 2.344848484848485365e-05
1.355500000000015746e+02 2.990606060606060382e-05
1.356000000000016712e+02 2.441212121212121114e-05
1.356500000000015689e+02 2.489696969696969433e-05
1.357000000000016371e+02 2.479393939393939762e-05
1.357500000000017053e+02 2.414242424242423808e-05
1.358000000000016030e+02 2.539999999999999737e-05
1.358500000000016996e+02 2.908787878787879840e-05
1.359000000000015689e+02 2.295151515151514933e-05
1.359500000000016655e+02 2.094848484848484371e-05
1.360000000000017906e+02 2.778484848484848608e-05
1.360500000000016598e+02 2.204242424242424124e-05
1.361000000000017280e+02 1.878787878787878859e-05
1.361500000000017963e+02 2.443939393939394093e-05
1.362000000000016655e+02 2.371212121212121446e-05
1.362500000000017906e+02 2.642727272727272435e-05
1.363000000000018872e+02 2.228484848484848791e-05
1.363500000000017565e+02 2.699393939393939011e-05
1.364000000000018531e+02 2.468484848484848527e-05
1.364500000000017508e+02 2.511515151515151566e-05
1.365000000000018190e+02 2.607272727272727444e-05
1.365500000000018872e+02 2.387575757575756944e-05
1.366000000000017849e+02 2.735454545454545907e-05
1.366500000000018531e+02 2.073939393939394247e-05
1.367000000000017508e+02 1.848787878787878808e-05
1.367500000000018474e+02 2.614848484848485152e-05
1.368000000000019725e+02 2.356060606060606029e-05
1.368500000000018701e+02 2.696666666666666711e-05
1.369000000000019099e+02 2.155151515151515596e-05
1.369500000000019497e+02 2.459696969696969381e-05
1.370000000000018474e+02 2.240909090909091230e-05
1.370500000000019725e+02 2.145757575757575224e-05
1.371000000000020691e+02 2.417575757575757674e-05
1.371500000000019668e+02 2.124242424242424212e-05
1.372000000000020350e+02 2.167272727272728268e-05
1.372500000000019327e+02 1.933636363636363450e-05
1.373000000000020009e+02 2.506666666666666836e-05
1.373500000000020691e+02 2.104545454545454509e-05
1.374000000000019668e+02 2.373939393939393408e-05
1.374500000000020350e+02 2.250606060606060691e-05
1.375000000000019327e+02 2.566363636363636495e-05
1.375500000000020293e+02 2.338181818181818988e-05
1.376000000000021544e+02 2.133333333333333463e-05
1.376500000000020520e+02 2.473939393939393806e-05
1.377000000000020918e+02 2.760606060606060212e-05
1.377500000000021316e+02 2.381212121212121011e-05
1.378000000000020293e+02 2.358484848484848902e-05
1.378500000000021544e+02 2.545757575757575799e-05
1.379000000000022510e+02 2.797878787878787529e-05
